# energy grid [eV]  eels components [arbitrary units]
#
    0.000000000    0.000000000    0.000000000    0.000000000
    0.015015015    0.000031408    0.000031408    0.000017271
    0.030030030    0.000062822    0.000062821    0.000034545
    0.045045045    0.000094245    0.000094244    0.000051823
    0.060060060    0.000125683    0.000125683    0.000069109
    0.075075075    0.000157142    0.000157141    0.000086404
    0.090090090    0.000188625    0.000188624    0.000103711
    0.105105105    0.000220139    0.000220138    0.000121032
    0.120120120    0.000251688    0.000251686    0.000138370
    0.135135135    0.000283277    0.000283275    0.000155726
    0.150150150    0.000314912    0.000314910    0.000173105
    0.165165165    0.000346598    0.000346595    0.000190507
    0.180180180    0.000378339    0.000378337    0.000207936
    0.195195195    0.000410142    0.000410139    0.000225393
    0.210210210    0.000442011    0.000442008    0.000242882
    0.225225225    0.000473952    0.000473948    0.000260405
    0.240240240    0.000505970    0.000505966    0.000277964
    0.255255255    0.000538071    0.000538067    0.000295563
    0.270270270    0.000570260    0.000570256    0.000313203
    0.285285285    0.000602542    0.000602538    0.000330887
    0.300300300    0.000634925    0.000634921    0.000348619
    0.315315315    0.000667413    0.000667408    0.000366400
    0.330330330    0.000700012    0.000700007    0.000384234
    0.345345345    0.000732727    0.000732722    0.000402123
    0.360360360    0.000765567    0.000765561    0.000420070
    0.375375375    0.000798535    0.000798529    0.000438078
    0.390390390    0.000831639    0.000831633    0.000456150
    0.405405405    0.000864884    0.000864879    0.000474289
    0.420420420    0.000898279    0.000898272    0.000492498
    0.435435435    0.000931828    0.000931821    0.000510781
    0.450450450    0.000965538    0.000965532    0.000529139
    0.465465465    0.000999418    0.000999411    0.000547577
    0.480480480    0.001033473    0.001033466    0.000566099
    0.495495495    0.001067710    0.001067703    0.000584706
    0.510510511    0.001102138    0.001102131    0.000603403
    0.525525526    0.001136764    0.001136756    0.000622194
    0.540540541    0.001171595    0.001171588    0.000641081
    0.555555556    0.001206640    0.001206632    0.000660069
    0.570570571    0.001241906    0.001241898    0.000679162
    0.585585586    0.001277403    0.001277394    0.000698363
    0.600600601    0.001313137    0.001313128    0.000717676
    0.615615616    0.001349119    0.001349110    0.000737106
    0.630630631    0.001385358    0.001385348    0.000756657
    0.645645646    0.001421862    0.001421852    0.000776333
    0.660660661    0.001458642    0.001458632    0.000796139
    0.675675676    0.001495707    0.001495697    0.000816079
    0.690690691    0.001533067    0.001533057    0.000836158
    0.705705706    0.001570734    0.001570724    0.000856381
    0.720720721    0.001608718    0.001608708    0.000876754
    0.735735736    0.001647031    0.001647020    0.000897281
    0.750750751    0.001685684    0.001685673    0.000917968
    0.765765766    0.001724689    0.001724678    0.000938820
    0.780780781    0.001764059    0.001764048    0.000959844
    0.795795796    0.001803807    0.001803795    0.000981045
    0.810810811    0.001843947    0.001843935    0.001002430
    0.825825826    0.001884492    0.001884480    0.001024005
    0.840840841    0.001925458    0.001925445    0.001045777
    0.855855856    0.001966859    0.001966846    0.001067752
    0.870870871    0.002008711    0.002008698    0.001089939
    0.885885886    0.002051031    0.002051018    0.001112344
    0.900900901    0.002093836    0.002093823    0.001134976
    0.915915916    0.002137145    0.002137131    0.001157842
    0.930930931    0.002180974    0.002180960    0.001180952
    0.945945946    0.002225346    0.002225331    0.001204313
    0.960960961    0.002270279    0.002270264    0.001227936
    0.975975976    0.002315796    0.002315781    0.001251830
    0.990990991    0.002361918    0.002361903    0.001276004
    1.006006006    0.002408671    0.002408655    0.001300470
    1.021021021    0.002456078    0.002456062    0.001325239
    1.036036036    0.002504165    0.002504149    0.001350322
    1.051051051    0.002552961    0.002552945    0.001375731
    1.066066066    0.002602495    0.002602478    0.001401479
    1.081081081    0.002652796    0.002652779    0.001427580
    1.096096096    0.002703897    0.002703880    0.001454047
    1.111111111    0.002755833    0.002755815    0.001480895
    1.126126126    0.002808639    0.002808621    0.001508139
    1.141141141    0.002862353    0.002862335    0.001535796
    1.156156156    0.002917017    0.002916999    0.001563883
    1.171171171    0.002972674    0.002972655    0.001592419
    1.186186186    0.003029369    0.003029350    0.001621422
    1.201201201    0.003087151    0.003087132    0.001650912
    1.216216216    0.003146073    0.003146054    0.001680912
    1.231231231    0.003206190    0.003206170    0.001711443
    1.246246246    0.003267562    0.003267542    0.001742530
    1.261261261    0.003330252    0.003330232    0.001774198
    1.276276276    0.003394329    0.003394309    0.001806474
    1.291291291    0.003459867    0.003459846    0.001839388
    1.306306306    0.003526945    0.003526924    0.001872970
    1.321321321    0.003595649    0.003595628    0.001907253
    1.336336336    0.003666071    0.003666049    0.001942271
    1.351351351    0.003738311    0.003738290    0.001978062
    1.366366366    0.003812479    0.003812457    0.002014667
    1.381381381    0.003888692    0.003888670    0.002052127
    1.396396396    0.003967079    0.003967057    0.002090488
    1.411411411    0.004047782    0.004047760    0.002129801
    1.426426426    0.004130955    0.004130933    0.002170118
    1.441441441    0.004216768    0.004216746    0.002211497
    1.456456456    0.004305407    0.004305386    0.002253999
    1.471471471    0.004397080    0.004397060    0.002297692
    1.486486486    0.004492016    0.004491996    0.002342647
    1.501501502    0.004590469    0.004590450    0.002388944
    1.516516517    0.004692724    0.004692706    0.002436668
    1.531531532    0.004799099    0.004799084    0.002485912
    1.546546547    0.004909954    0.004909940    0.002536778
    1.561561562    0.005025692    0.005025682    0.002589378
    1.576576577    0.005146775    0.005146769    0.002643834
    1.591591592    0.005273725    0.005273725    0.002700280
    1.606606607    0.005407145    0.005407151    0.002758866
    1.621621622    0.005547726    0.005547742    0.002819754
    1.636636637    0.005696272    0.005696301    0.002883128
    1.651651652    0.005853723    0.005853769    0.002949189
    1.666666667    0.006021181    0.006021250    0.003018165
    1.681681682    0.006199956    0.006200056    0.003090308
    1.696696697    0.006391610    0.006391753    0.003165905
    1.711711712    0.006598030    0.006598234    0.003245278
    1.726726727    0.006821515    0.006821803    0.003328792
    1.741741742    0.007064897    0.007065305    0.003416866
    1.756756757    0.007331709    0.007332291    0.003509980
    1.771771772    0.007626419    0.007627254    0.003608685
    1.786786787    0.007954760    0.007955971    0.003713626
    1.801801802    0.008324208    0.008325987    0.003825554
    1.816816817    0.008744693    0.008747342    0.003945359
    1.831831832    0.009229664    0.009233671    0.004074100
    1.846846847    0.009797722    0.009803880    0.004213055
    1.861861862    0.010475175    0.010484786    0.004363784
    1.876876877    0.011300035    0.011315216    0.004528220
    1.891891892    0.012328222    0.012352278    0.004708797
    1.906906907    0.013642539    0.013679931    0.004908630
    1.921921922    0.015362735    0.015416477    0.005131752
    1.936936937    0.017644477    0.017703008    0.005383345
    1.951951952    0.020622510    0.020616394    0.005669685
    1.966966967    0.024211239    0.023940071    0.005997230
    1.981981982    0.027829707    0.027047548    0.006371494
    1.996996997    0.030611374    0.029516474    0.006799607
    2.012012012    0.032221463    0.031642774    0.007293046
    2.027027027    0.033195287    0.033784203    0.007864566
    2.042042042    0.034265967    0.035936087    0.008541384
    2.057057057    0.035579609    0.037870971    0.009380128
    2.072072072    0.037073806    0.039336298    0.010448001
    2.087087087    0.039091767    0.040411218    0.011796447
    2.102102102    0.041863289    0.041415789    0.013459520
    2.117117117    0.045107587    0.042728307    0.015509328
    2.132132132    0.048307422    0.044748486    0.018040229
    2.147147147    0.051280095    0.047832033    0.020979093
    2.162162162    0.054440012    0.052168561    0.024031212
    2.177177177    0.058160920    0.057664998    0.026902322
    2.192192192    0.062299815    0.063662662    0.029413611
    2.207207207    0.066077026    0.068737585    0.031439517
    2.222222222    0.068677505    0.071854053    0.033095193
    2.237237237    0.070328213    0.073430155    0.034733780
    2.252252252    0.072083622    0.074522255    0.036675254
    2.267267267    0.074567374    0.075666132    0.038919712
    2.282282282    0.077460081    0.076763254    0.041136742
    2.297297297    0.080031662    0.077612209    0.043084291
    2.312312312    0.081411945    0.077946736    0.044689464
    2.327327327    0.081400735    0.077888456    0.046123254
    2.342342342    0.081371984    0.078673514    0.047803672
    2.357357357    0.082299071    0.081185915    0.049718474
    2.372372372    0.083475287    0.084510485    0.051561256
    2.387387387    0.084124231    0.087042440    0.053357531
    2.402402402    0.084246640    0.088005412    0.055126494
    2.417417417    0.083984740    0.087398728    0.056742529
    2.432432432    0.083701171    0.085815193    0.058469600
    2.447447447    0.083755497    0.083908449    0.060681753
    2.462462462    0.083857088    0.081974072    0.063185555
    2.477477477    0.083724140    0.080555928    0.065564311
    2.492492492    0.083450087    0.080111267    0.067733888
    2.507507508    0.082709801    0.080376620    0.069846521
    2.522522523    0.081689748    0.081237483    0.072208450
    2.537537538    0.081193279    0.082629187    0.075086533
    2.552552553    0.081355906    0.083735529    0.078766812
    2.567567568    0.081556090    0.083610500    0.083243604
    2.582582583    0.081096552    0.082219551    0.088307996
    2.597597598    0.079950533    0.080344807    0.093878463
    2.612612613    0.078767025    0.078672549    0.099754540
    2.627627628    0.078011508    0.077380490    0.105874661
    2.642642643    0.077643333    0.076504270    0.112062434
    2.657657658    0.077486006    0.076163609    0.117538867
    2.672672673    0.077614571    0.076531736    0.121299783
    2.687687688    0.078523768    0.077957255    0.123102367
    2.702702703    0.080780562    0.080831971    0.123728032
    2.717717718    0.084958226    0.085446501    0.123503092
    2.732732733    0.091596604    0.091980556    0.121396456
    2.747747748    0.100488215    0.100063826    0.115940039
    2.762762763    0.110129571    0.108829464    0.106786104
    2.777777778    0.118338346    0.117561684    0.095315658
    2.792792793    0.124068780    0.125660729    0.084061826
    2.807807808    0.128404014    0.132640442    0.074786952
    2.822822823    0.133811337    0.139194557    0.067400974
    2.837837838    0.142363099    0.146676703    0.061220558
    2.852852853    0.153585685    0.154576871    0.056038951
    2.867867868    0.164533368    0.160834033    0.051905626
    2.882882883    0.172791271    0.165388804    0.048722889
    2.897897898    0.178056076    0.170031417    0.046248778
    2.912912913    0.181218081    0.175652225    0.044254397
    2.927927928    0.182489806    0.180681621    0.042652772
    2.942942943    0.181870464    0.183173559    0.041561640
    2.957957958    0.180669816    0.184125996    0.041108853
    2.972972973    0.180539112    0.185958518    0.040931986
    2.987987988    0.182712423    0.189366570    0.040470022
    3.003003003    0.187424018    0.193298919    0.039653131
    3.018018018    0.193406841    0.196456992    0.038733081
    3.033033033    0.198555437    0.198198129    0.038000941
    3.048048048    0.201631566    0.198979270    0.037561109
    3.063063063    0.202787256    0.199275906    0.037227485
    3.078078078    0.202371851    0.198710800    0.036907353
    3.093093093    0.200713520    0.197099897    0.036790211
    3.108108108    0.197876859    0.194257108    0.037176406
    3.123123123    0.194135211    0.190991356    0.038046998
    3.138138138    0.190645594    0.189235996    0.038909909
    3.153153153    0.187870452    0.189197489    0.039306297
    3.168168168    0.184990933    0.188705893    0.039267913
    3.183183183    0.181491185    0.185781465    0.039140245
    3.198198198    0.177161183    0.180199945    0.039207266
    3.213213213    0.172261031    0.173624859    0.039498256
    3.228228228    0.167605958    0.167810598    0.039985555
    3.243243243    0.163445009    0.163214783    0.040847715
    3.258258258    0.159049398    0.159021357    0.042220160
    3.273273273    0.153946866    0.154049519    0.043841276
    3.288288288    0.148260258    0.147790819    0.045225674
    3.303303303    0.141900048    0.140461441    0.046379240
    3.318318318    0.135540278    0.133563160    0.047699910
    3.333333333    0.130791020    0.129049087    0.049316214
    3.348348348    0.128618887    0.127767168    0.050901070
    3.363363363    0.129247757    0.129511499    0.051806946
    3.378378378    0.132485926    0.133499902    0.051700795
    3.393393393    0.137539495    0.138640929    0.050992217
    3.408408408    0.143318860    0.143967885    0.050350666
    3.423423423    0.148907754    0.148882356    0.050245314
    3.438438438    0.153772377    0.153320805    0.050868597
    3.453453453    0.157879073    0.157633720    0.052330081
    3.468468468    0.161910429    0.162079859    0.054548118
    3.483483483    0.166308559    0.166370088    0.057029948
    3.498498498    0.170419622    0.169998568    0.059219882
    3.513513514    0.173380261    0.172993650    0.060814477
    3.528528529    0.175399155    0.175639615    0.062037298
    3.543543544    0.177464864    0.178148397    0.063290482
    3.558558559    0.180037520    0.180736700    0.064515210
    3.573573574    0.183040197    0.183536526    0.065393993
    3.588588589    0.186348865    0.186495358    0.065731209
    3.603603604    0.189716397    0.189291727    0.065661909
    3.618618619    0.192661155    0.191488561    0.065634555
    3.633633634    0.195356475    0.193847498    0.065927136
    3.648648649    0.198768879    0.197865762    0.066358606
    3.663663664    0.203279990    0.203819756    0.066468251
    3.678678679    0.208707373    0.210850867    0.065986763
    3.693693694    0.215171179    0.218065738    0.065132401
    3.708708709    0.223249455    0.225727895    0.064285015
    3.723723724    0.233555804    0.234958726    0.063548140
    3.738738739    0.245455807    0.245214758    0.062889897
    3.753753754    0.257066998    0.254411803    0.062519962
    3.768768769    0.266839445    0.261815045    0.062634764
    3.783783784    0.275064077    0.269151331    0.062896290
    3.798798799    0.283094445    0.278533877    0.062746470
    3.813813814    0.290526508    0.289145222    0.062120699
    3.828828829    0.296421256    0.298235155    0.061352764
    3.843843844    0.301091438    0.305110841    0.060767382
    3.858858859    0.305706614    0.311673593    0.060516042
    3.873873874    0.311888450    0.319389325    0.060472169
    3.888888889    0.320979963    0.328314560    0.060427248
    3.903903904    0.332620010    0.337104577    0.060486293
    3.918918919    0.344427275    0.344243062    0.060825569
    3.933933934    0.354572574    0.350497394    0.061297500
    3.948948949    0.362724891    0.357046090    0.061551009
    3.963963964    0.368230289    0.362155965    0.061350681
    3.978978979    0.370189786    0.363141548    0.060949822
    3.993993994    0.369522416    0.361650087    0.060862467
    4.009009009    0.367972370    0.361541980    0.061449606
    4.024024024    0.366558449    0.364017553    0.062587215
    4.039039039    0.365444310    0.367310953    0.063710266
    4.054054054    0.364024050    0.369038897    0.064477836
    4.069069069    0.361044683    0.367846397    0.065167543
    4.084084084    0.356469864    0.364620109    0.066322389
    4.099099099    0.352344978    0.361301378    0.068208019
    4.114114114    0.350527902    0.358499206    0.070754467
    4.129129129    0.350302099    0.354969365    0.073783015
    4.144144144    0.348061579    0.348060302    0.077294615
    4.159159159    0.340589711    0.336434599    0.081681193
    4.174174174    0.327999081    0.321559841    0.087749941
    4.189189189    0.312834272    0.306153672    0.096295465
    4.204204204    0.298682861    0.293062945    0.107583136
    4.219219219    0.288388712    0.284206464    0.121262228
    4.234234234    0.283542751    0.280590606    0.136492316
    4.249249249    0.285470608    0.283422831    0.151785677
    4.264264264    0.295233842    0.293909774    0.164413166
    4.279279279    0.312384980    0.311793086    0.170849410
    4.294294294    0.333958058    0.334196007    0.169815117
    4.309309309    0.355731632    0.356978626    0.163965330
    4.324324324    0.374312292    0.377002134    0.156942804
    4.339339339    0.387018686    0.391373548    0.150975538
    4.354354354    0.392563238    0.397927866    0.146956761
    4.369369369    0.392999811    0.398014565    0.145068201
    4.384384384    0.392577739    0.396045043    0.145079140
    4.399399399    0.394424022    0.395648867    0.146362691
    4.414414414    0.398614205    0.397807145    0.148425192
    4.429429429    0.403959061    0.402324974    0.151269227
    4.444444444    0.410225963    0.408886403    0.154787470
    4.459459459    0.418355378    0.417162157    0.158277410
    4.474474474    0.428523773    0.426240745    0.160907797
    4.489489489    0.438061699    0.434206012    0.162366669
    4.504504505    0.443444342    0.439404135    0.163109665
    4.519519520    0.444976622    0.442586419    0.163775831
    4.534534535    0.446016313    0.445890446    0.163866477
    4.549549550    0.447968814    0.449571501    0.162610403
    4.564564565    0.449905632    0.451895886    0.160400529
    4.579579580    0.450265631    0.450941743    0.158018115
    4.594594595    0.447244843    0.445992431    0.156155922
    4.609609610    0.441025151    0.439010371    0.155274666
    4.624624625    0.434923513    0.433718571    0.154916110
    4.639639640    0.431847783    0.432360716    0.154322087
    4.654654655    0.432352735    0.435078949    0.153436332
    4.669669670    0.435802218    0.440568508    0.152529400
    4.684684685    0.440774069    0.445857199    0.151706503
    4.699699700    0.445237685    0.447981379    0.151020439
    4.714714715    0.448422159    0.447687772    0.150570320
    4.729729730    0.451512587    0.448599761    0.150535557
    4.744744745    0.454746077    0.451831098    0.151009471
    4.759759760    0.456476795    0.454682955    0.151736806
    4.774774775    0.455627776    0.455094012    0.152439766
    4.789789790    0.452961484    0.453558643    0.153028054
    4.804804805    0.448946789    0.449795640    0.153721295
    4.819819820    0.443168338    0.442975357    0.154901871
    4.834834835    0.436602898    0.435055616    0.156555870
    4.849849850    0.431228160    0.429380384    0.158246497
    4.864864865    0.427072346    0.426067680    0.159631421
    4.879879880    0.422549754    0.422628274    0.160796428
    4.894894895    0.417463146    0.418215000    0.161868583
    4.909909910    0.413241906    0.413757594    0.162772783
    4.924924925    0.410798120    0.409885875    0.163532035
    4.939939940    0.409946820    0.407381129    0.164226553
    4.954954955    0.409940602    0.407292172    0.164768552
    4.969969970    0.409786230    0.409458701    0.165158662
    4.984984985    0.409144783    0.412476485    0.165544502
    5.000000000    0.408930532    0.414890767    0.166205425
    5.015015015    0.409729357    0.415539300    0.167383642
    5.030030030    0.412248793    0.415339548    0.168715848
    5.045045045    0.417681104    0.416986152    0.169531489
    5.060060060    0.425394843    0.421692574    0.169917902
    5.075075075    0.433111317    0.428617396    0.170404181
    5.090090090    0.439614939    0.436648409    0.171189717
    5.105105105    0.445791335    0.445678158    0.172197152
    5.120120120    0.453727986    0.456270760    0.173302598
    5.135135135    0.464357291    0.467687444    0.174363248
    5.150150150    0.476120607    0.477351081    0.175424925
    5.165165165    0.486360130    0.483761997    0.176772089
    5.180180180    0.493753410    0.488786172    0.178554962
    5.195195195    0.500243815    0.495937387    0.180500179
    5.210210210    0.508364704    0.506663058    0.182156569
    5.225225225    0.517452697    0.518642000    0.183454955
    5.240240240    0.526000345    0.529273589    0.184545473
    5.255255255    0.534124047    0.538327603    0.185098852
    5.270270270    0.541712714    0.545566687    0.184870903
    5.285285285    0.549378208    0.550987325    0.184347178
    5.300300300    0.558407259    0.556141190    0.183873694
    5.315315315    0.568055392    0.562606314    0.183217392
    5.330330330    0.575801045    0.570148617    0.182440394
    5.345345345    0.580743430    0.577436852    0.181745868
    5.360360360    0.583993241    0.584177997    0.181054292
    5.375375375    0.587107455    0.590947734    0.180338701
    5.390390390    0.592492284    0.598854194    0.179378844
    5.405405405    0.601074864    0.608556719    0.177945632
    5.420420420    0.612074745    0.619834851    0.176148641
    5.435435435    0.624826040    0.631406094    0.174189529
    5.450450450    0.638828130    0.641725990    0.172009394
    5.465465465    0.653103660    0.650492038    0.169507875
    5.480480480    0.665605716    0.658132172    0.166986822
    5.495495495    0.674722682    0.664302066    0.165042791
    5.510510511    0.681529975    0.668926259    0.164132524
    5.525525526    0.687030526    0.673123970    0.164678262
    5.540540541    0.690165464    0.678015598    0.167675826
    5.555555556    0.690202844    0.683391106    0.174374763
    5.570570571    0.689796696    0.690287111    0.185275778
    5.585585586    0.693691594    0.702205449    0.199866910
    5.600600601    0.704718433    0.721558630    0.217102072
    5.615615616    0.725161998    0.749752629    0.235724502
    5.630630631    0.758015115    0.786932527    0.254363334
    5.645645646    0.802998872    0.828394265    0.271672840
    5.660660661    0.855153066    0.867779769    0.286549450
    5.675675676    0.910592394    0.905580568    0.298739043
    5.690690691    0.969871022    0.948647241    0.308997328
    5.705705706    1.034256880    1.001522051    0.317941292
    5.720720721    1.101913498    1.062883589    0.325199149
    5.735735736    1.167248517    1.129220300    0.330103698
    5.750750751    1.223073795    1.195987426    0.331956207
    5.765765766    1.262893632    1.254882332    0.330726596
    5.780780781    1.284325379    1.297474890    0.326854908
    5.795795796    1.288689180    1.318845750    0.320155334
    5.810810811    1.278605103    1.317303789    0.310641545
    5.825825826    1.258484025    1.296154833    0.299875205
    5.840840841    1.236697530    1.266907457    0.290883580
    5.855855856    1.224044551    1.244512355    0.286029180
    5.870870871    1.226089349    1.236331713    0.285061806
    5.885885886    1.241183917    1.241747354    0.286441850
    5.900900901    1.263240247    1.254586373    0.288791563
    5.915915916    1.285954731    1.266966939    0.290868886
    5.930930931    1.310293085    1.279929992    0.292549665
    5.945945946    1.343599604    1.304707680    0.295378401
    5.960960961    1.388532291    1.349238420    0.300682554
    5.975975976    1.439472889    1.407484928    0.308619547
    5.990990991    1.488050738    1.466907706    0.319450700
    6.006006006    1.529306518    1.521759003    0.333502994
    6.021021021    1.563735237    1.572692176    0.349987938
    6.036036036    1.595431607    1.621554899    0.367981792
    6.051051051    1.629372951    1.671539580    0.387224750
    6.066066066    1.672169727    1.724936524    0.406899132
    6.081081081    1.726673234    1.777615895    0.425454464
    6.096096096    1.785013676    1.821045957    0.441880144
    6.111111111    1.839681179    1.856150179    0.456654364
    6.126126126    1.890404550    1.891570860    0.470811428
    6.141141141    1.938709703    1.927572759    0.485007698
    6.156156156    1.985217958    1.958085179    0.499861870
    6.171171171    2.030544307    1.986475727    0.516345069
    6.186186186    2.076270848    2.022911738    0.534723230
    6.201201201    2.125185253    2.072229197    0.553973370
    6.216216216    2.172527702    2.128115411    0.573321501
    6.231231231    2.203798825    2.176478305    0.592058865
    6.246246246    2.215957669    2.210153923    0.609046268
    6.261261261    2.222870044    2.237404917    0.626028242
    6.276276276    2.236558694    2.271413218    0.647704379
    6.291291291    2.257610914    2.313451112    0.676733020
    6.306306306    2.282590215    2.352503880    0.710080742
    6.321321321    2.312764369    2.380646141    0.741653331
    6.336336336    2.349735222    2.397393817    0.767824091
    6.351351351    2.392719228    2.409893990    0.789742125
    6.366366366    2.440211584    2.427502721    0.812387373
    6.381381381    2.479442042    2.438631939    0.840564766
    6.396396396    2.491897242    2.424020573    0.872040860
    6.411411411    2.470447583    2.390000874    0.899043359
    6.426426426    2.425261025    2.358807823    0.917956902
    6.441441441    2.369410341    2.336415728    0.931816931
    6.456456456    2.307952783    2.312042276    0.943527557
    6.471471471    2.243086579    2.274933233    0.952413761
    6.486486486    2.171047818    2.216652762    0.956088229
    6.501501502    2.085651870    2.134404570    0.955116625
    6.516516517    1.998492093    2.042941353    0.951160615
    6.531531532    1.931709682    1.963910743    0.944719480
    6.546546547    1.892136383    1.904416917    0.936308028
    6.561561562    1.866355129    1.855737915    0.925646312
    6.576576577    1.832749568    1.804278266    0.911164030
    6.591591592    1.779131545    1.744639227    0.893951769
    6.606606607    1.705737216    1.676719815    0.879605896
    6.621621622    1.619936576    1.602293406    0.874309238
    6.636636637    1.532959040    1.528536754    0.884245312
    6.651651652    1.453611768    1.462242705    0.912679474
    6.666666667    1.382319744    1.399871916    0.952158748
    6.681681682    1.312429412    1.329817125    0.983610194
    6.696696697    1.239690083    1.250346237    0.987454144
    6.711711712    1.166951700    1.171602884    0.954578607
    6.726726727    1.103593427    1.104602747    0.895173968
    6.741741742    1.058037596    1.055334114    0.832388659
    6.756756757    1.031188477    1.024221519    0.783696185
    6.771771772    1.016366241    1.006195789    0.754723663
    6.786786787    1.003318130    0.993232504    0.743047950
    6.801801802    0.983478838    0.977615600    0.741582244
    6.816816817    0.954823290    0.954610733    0.742900833
    6.831831832    0.921311217    0.924891076    0.741492706
    6.846846847    0.888433080    0.893550563    0.734624238
    6.861861862    0.859963479    0.865340720    0.722836707
    6.876876877    0.837143059    0.842286669    0.708213499
    6.891891892    0.819854601    0.824287009    0.691829246
    6.906906907    0.810117742    0.812849614    0.674018931
    6.921921922    0.811224526    0.811114336    0.657046841
    6.936936937    0.822437728    0.819403576    0.641546979
    6.951951952    0.840009433    0.835529744    0.624305538
    6.966966967    0.862133507    0.857991634    0.604743185
    6.981981982    0.888275542    0.885849378    0.586080252
    6.996996997    0.917839718    0.917930774    0.570051236
    7.012012012    0.950979736    0.952903942    0.556338972
    7.027027027    0.989495266    0.991626283    0.545374219
    7.042042042    1.038077966    1.039461450    0.539921852
    7.057057057    1.100901038    1.101633415    0.543945793
    7.072072072    1.176061077    1.176890190    0.559684901
    7.087087087    1.258660648    1.259854777    0.586546185
    7.102102102    1.343827259    1.344399464    0.621945946
    7.117117117    1.422494342    1.421399631    0.662847372
    7.132132132    1.483313289    1.479629639    0.707028195
    7.147147147    1.521646067    1.515157758    0.752399427
    7.162162162    1.539801949    1.533269524    0.797681120
    7.177177177    1.544520749    1.541742625    0.843638462
    7.192192192    1.542851556    1.544604413    0.891404831
    7.207207207    1.533373481    1.537504920    0.941635213
    7.222222222    1.510267256    1.514031067    0.993391452
    7.237237237    1.474374775    1.477112039    1.044669025
    7.252252252    1.431318087    1.436152157    1.095467854
    7.267267267    1.387878217    1.396652229    1.148905141
    7.282282282    1.351457484    1.361207242    1.206106501
    7.297297297    1.329159798    1.335098127    1.261911908
    7.312312312    1.323823467    1.323278112    1.310053119
    7.327327327    1.332785576    1.327356643    1.347693570
    7.342342342    1.353969178    1.347179083    1.377575849
    7.357357357    1.387758603    1.379714377    1.409816558
    7.372372372    1.432324789    1.418904979    1.453052560
    7.387387387    1.478005851    1.458448549    1.501592350
    7.402402402    1.514689704    1.497641960    1.542648520
    7.417417417    1.541158112    1.537195545    1.573201582
    7.432432432    1.561176906    1.572337868    1.597067192
    7.447447447    1.581224164    1.600740421    1.619031887
    7.462462462    1.607596139    1.626059072    1.642354293
    7.477477477    1.639707972    1.650291605    1.666328993
    7.492492492    1.671142887    1.673110079    1.692994387
    7.507507508    1.693671210    1.693070453    1.722926984
    7.522522523    1.703992061    1.709112812    1.746401642
    7.537537538    1.705204318    1.718276561    1.754789446
    7.552552553    1.697902473    1.712673749    1.747150927
    7.567567568    1.684407844    1.691982607    1.729864153
    7.582582583    1.672945521    1.667276623    1.708305972
    7.597597598    1.669493861    1.648309894    1.680268360
    7.612612613    1.666201954    1.631166347    1.642360068
    7.627627628    1.648095593    1.605973479    1.597863540
    7.642642643    1.611359545    1.573890873    1.554859055
    7.657657658    1.562906848    1.544104010    1.521136396
    7.672672673    1.510335702    1.519796277    1.501511899
    7.687687688    1.454991698    1.491496447    1.492291054
    7.702702703    1.400218273    1.450702670    1.484706606
    7.717717718    1.361481745    1.410503075    1.474189297
    7.732732733    1.358572646    1.397212164    1.467481145
    7.747747748    1.398580710    1.422267221    1.477210179
    7.762762763    1.469035321    1.471986259    1.509174974
    7.777777778    1.546636886    1.523587206    1.561271758
    7.792792793    1.606026567    1.560557595    1.626383598
    7.807807808    1.629294258    1.575950081    1.689961273
    7.822822823    1.611950978    1.568386131    1.733861967
    7.837837838    1.562124019    1.540423969    1.742987291
    7.852852853    1.501336643    1.502917107    1.714153429
    7.867867868    1.453801855    1.470624554    1.665035347
    7.882882883    1.429896105    1.452651928    1.615556252
    7.897897898    1.419644696    1.443796008    1.569492866
    7.912912913    1.406626540    1.430565460    1.525922138
    7.927927928    1.388515053    1.409373130    1.488092012
    7.942942943    1.377452949    1.390737713    1.463449720
    7.957957958    1.379918132    1.381138135    1.456764298
    7.972972973    1.385316256    1.373880139    1.465200747
    7.987987988    1.380683174    1.362605046    1.479248908
    8.003003003    1.366622994    1.351114446    1.485981381
    8.018018018    1.350672243    1.343990309    1.480289480
    8.033033033    1.337489691    1.339245539    1.464881953
    8.048048048    1.329406573    1.334579952    1.442638387
    8.063063063    1.326316238    1.329933114    1.418064727
    8.078078078    1.325947676    1.324245793    1.393873669
    8.093093093    1.324876676    1.315687713    1.369743702
    8.108108108    1.317135697    1.302871363    1.343331039
    8.123123123    1.301122550    1.288796841    1.312777988
    8.138138138    1.285860709    1.282445806    1.277416062
    8.153153153    1.283825471    1.291571376    1.237605440
    8.168168168    1.299534893    1.316041225    1.195650755
    8.183183183    1.327338529    1.347244852    1.152979490
    8.198198198    1.362176949    1.379364627    1.109189163
    8.213213213    1.405742386    1.416795055    1.065130748
    8.228228228    1.459358570    1.463327596    1.022917793
    8.243243243    1.516227548    1.512007996    0.984030680
    8.258258258    1.565929822    1.552730395    0.948273921
    8.273273273    1.605876677    1.585918309    0.913443492
    8.288288288    1.642856478    1.620915263    0.879537766
    8.303303303    1.681985295    1.664347660    0.852071006
    8.318318318    1.718956132    1.712108679    0.838651486
    8.333333333    1.739345855    1.746875537    0.842051161
    8.348348348    1.733935401    1.754136678    0.859087355
    8.363363363    1.716836872    1.741309809    0.885681134
    8.378378378    1.707855186    1.725489303    0.917105136
    8.393393393    1.706869985    1.710402902    0.944974273
    8.408408408    1.699254229    1.690654630    0.963186708
    8.423423423    1.675975633    1.663057561    0.973887883
    8.438438438    1.638271881    1.626406617    0.982882020
    8.453453453    1.593147636    1.583082440    0.994784139
    8.468468468    1.546011767    1.537453491    1.013882037
    8.483483483    1.496272737    1.490860387    1.044653252
    8.498498498    1.446889126    1.447039367    1.088708070
    8.513513514    1.404428785    1.412543536    1.142421652
    8.528528529    1.371186798    1.387539672    1.200244752
    8.543543544    1.345983273    1.365737188    1.259217747
    8.558558559    1.324830995    1.339909128    1.317596897
    8.573573574    1.301580402    1.306188741    1.374777966
    8.588588589    1.273682636    1.265998020    1.432347038
    8.603603604    1.244850274    1.225513521    1.488362003
    8.618618619    1.220987955    1.194990384    1.538319117
    8.633633634    1.202477118    1.179068183    1.580408694
    8.648648649    1.182170793    1.169619376    1.612998072
    8.663663664    1.155177411    1.155489409    1.639932765
    8.678678679    1.124592382    1.133707443    1.672045163
    8.693693694    1.095750493    1.108644812    1.712934981
    8.708708709    1.071623298    1.084839376    1.755929270
    8.723723724    1.053147734    1.065701121    1.797185350
    8.738738739    1.039519194    1.052440657    1.836314256
    8.753753754    1.028399501    1.040834678    1.867660254
    8.768768769    1.017938066    1.025660328    1.886456079
    8.783783784    1.006145109    1.004413774    1.897856043
    8.798798799    0.991690118    0.978940573    1.906981637
    8.813813814    0.976249445    0.955822958    1.910784801
    8.828828829    0.962312055    0.941123972    1.902646538
    8.843843844    0.951319749    0.936365541    1.881628793
    8.858858859    0.943294896    0.938148218    1.850700724
    8.873873874    0.937935921    0.942324973    1.813823919
    8.888888889    0.936135643    0.947480421    1.781041472
    8.903903904    0.938346796    0.952288763    1.763434177
    8.918918919    0.943955406    0.955429676    1.761421198
    8.933933934    0.953356537    0.959496891    1.767548308
    8.948948949    0.967984944    0.969085130    1.778306429
    8.963963964    0.987995378    0.986102234    1.795308572
    8.978978979    1.011262345    1.008047967    1.821344545
    8.993993994    1.033600929    1.029336544    1.856727623
    9.009009009    1.051227362    1.045317501    1.898181408
    9.024024024    1.063003664    1.056027958    1.942319172
    9.039039039    1.069320653    1.064319324    1.989135208
    9.054054054    1.070742866    1.069920980    2.038278315
    9.069069069    1.069832176    1.071292029    2.084623238
    9.084084084    1.068724685    1.069136466    2.124359731
    9.099099099    1.064654331    1.065027915    2.160715047
    9.114114114    1.053298171    1.058981785    2.198608497
    9.129129129    1.034815728    1.047647732    2.239905041
    9.144144144    1.014142955    1.028445212    2.278257968
    9.159159159    0.997642294    1.004312810    2.304402072
    9.174174174    0.985504154    0.979690588    2.316859307
    9.189189189    0.972406468    0.957869606    2.323965671
    9.204204204    0.954975616    0.939116876    2.337562669
    9.219219219    0.932114923    0.918531241    2.356265072
    9.234234234    0.903677061    0.892849442    2.365717380
    9.249249249    0.872380565    0.866777043    2.358775786
    9.264264264    0.843548487    0.846232156    2.345296177
    9.279279279    0.818375538    0.828464290    2.337628455
    9.294294294    0.794506415    0.807708354    2.335350275
    9.309309309    0.771948016    0.785030298    2.335536151
    9.324324324    0.752971630    0.765968010    2.337839788
    9.339339339    0.740821002    0.753486064    2.343898219
    9.354354354    0.737292376    0.745828955    2.352903054
    9.369369369    0.741006744    0.740076420    2.359814163
    9.384384384    0.745953909    0.733358174    2.361250634
    9.399399399    0.743846854    0.722757203    2.357491167
    9.414414414    0.732292792    0.709252250    2.348710743
    9.429429429    0.716518835    0.697556493    2.331576794
    9.444444444    0.702461770    0.690955407    2.304387778
    9.459459459    0.692083769    0.689827044    2.267847557
    9.474474474    0.685503272    0.692976618    2.222677177
    9.489489489    0.682093348    0.696906705    2.172288312
    9.504504505    0.679701752    0.697340980    2.119737148
    9.519519520    0.677042320    0.693586455    2.064169978
    9.534534535    0.676199897    0.689451866    2.004616134
    9.549549550    0.679919649    0.688523209    1.943327430
    9.564564565    0.689246112    0.692728206    1.886620550
    9.579579580    0.704134754    0.702629532    1.839035208
    9.594594595    0.723398118    0.716661072    1.794964222
    9.609609610    0.743840399    0.732353883    1.748524935
    9.624624625    0.760775237    0.746518577    1.703041259
    9.639639640    0.772616759    0.758059557    1.666268641
    9.654654655    0.781969176    0.769320363    1.641547806
    9.669669670    0.790183746    0.781032549    1.624155657
    9.684684685    0.795472660    0.790578426    1.608837037
    9.699699700    0.795613302    0.794903427    1.592056070
    9.714714715    0.791108724    0.793998421    1.570215434
    9.729729730    0.783774305    0.789822143    1.541337269
    9.744744745    0.773503419    0.782018906    1.508231599
    9.759759760    0.759639733    0.769188012    1.476380145
    9.774774775    0.743833205    0.753842248    1.448259123
    9.789789790    0.729470831    0.740679799    1.425902736
    9.804804805    0.720058629    0.732350302    1.410238705
    9.819819820    0.716318325    0.727785789    1.394672863
    9.834834835    0.716371642    0.724523037    1.371539696
    9.849849850    0.718824548    0.722144484    1.340257305
    9.864864865    0.722704729    0.720603038    1.303343949
    9.879879880    0.725747943    0.718009673    1.262301617
    9.894894895    0.724272545    0.711817619    1.216689024
    9.909909910    0.716446802    0.701653128    1.162556403
    9.924924925    0.704141098    0.690096487    1.097221612
    9.939939940    0.691355122    0.681046052    1.025274094
    9.954954955    0.681271086    0.676800799    0.954750364
    9.969969970    0.673852224    0.675800402    0.889092557
    9.984984985    0.667278674    0.674309835    0.829329378
   10.000000000    0.661178958    0.670144549    0.778379397
   10.015015015    0.655086058    0.663148362    0.737233652
   10.030030030    0.646501743    0.653982468    0.703498664
   10.045045045    0.634038449    0.643232518    0.674192082
   10.060060060    0.619835117    0.631460576    0.648565414
   10.075075075    0.606907366    0.619606505    0.628096467
   10.090090090    0.597083111    0.608441670    0.613403972
   10.105105105    0.590401646    0.598193840    0.601993595
   10.120120120    0.585742976    0.589011743    0.590373273
   10.135135135    0.582856682    0.581538349    0.577273259
   10.150150150    0.582559494    0.576345290    0.563657497
   10.165165165    0.584247222    0.572462957    0.549955348
   10.180180180    0.584549401    0.567868651    0.536534269
   10.195195195    0.580447320    0.562809872    0.525433940
   10.210210210    0.573519259    0.560226840    0.519367561
   10.225225225    0.567236064    0.560443439    0.519007243
   10.240240240    0.562130484    0.560100058    0.521491634
   10.255255255    0.557135715    0.557404389    0.523306821
   10.270270270    0.553140259    0.555088881    0.524968050
   10.285285285    0.552693087    0.556938121    0.530450833
   10.300300300    0.559761074    0.566379005    0.543620301
   10.315315315    0.577753604    0.585812054    0.566749066
   10.330330330    0.605299947    0.613772079    0.600063959
   10.345345345    0.637314910    0.645723048    0.641928082
   10.360360360    0.668422554    0.676877786    0.686682221
   10.375375375    0.692463418    0.701131203    0.723635443
   10.390390390    0.704354702    0.712554262    0.744340008
   10.405405405    0.705272901    0.712080753    0.748000129
   10.420420420    0.698680451    0.702909581    0.736643431
   10.435435435    0.684297046    0.684350918    0.711547287
   10.450450450    0.662963512    0.657817762    0.677600162
   10.465465465    0.639500059    0.629193652    0.643442679
   10.480480480    0.617316735    0.603311259    0.613918008
   10.495495495    0.595439438    0.580298766    0.589104427
   10.510510511    0.572046964    0.558494771    0.568416736
   10.525525526    0.547793136    0.538820075    0.549691238
   10.540540541    0.523627923    0.521472662    0.527062188
   10.555555556    0.500355532    0.503802458    0.496052156
   10.570570571    0.479837995    0.485142013    0.459930751
   10.585585586    0.462654847    0.467407264    0.425186386
   10.600600601    0.447279331    0.450984206    0.394618058
   10.615615616    0.432914884    0.435282567    0.367691563
   10.630630631    0.419058107    0.420272731    0.343833352
   10.645645646    0.404209608    0.406022009    0.323068809
   10.660660661    0.388295270    0.392695941    0.305214020
   10.675675676    0.373775789    0.381264581    0.290092756
   10.690690691    0.362277124    0.371828593    0.277749934
   10.705705706    0.353790331    0.363559296    0.267799568
   10.720720721    0.348508882    0.356072484    0.258758660
   10.735735736    0.346223620    0.349120156    0.249078018
   10.750750751    0.345789110    0.343087500    0.239217121
   10.765765766    0.346201056    0.338907728    0.230982648
   10.780780781    0.346743685    0.336601104    0.225328096
   10.795795796    0.346365682    0.335172072    0.222327169
   10.810810811    0.343953469    0.333637877    0.221439258
   10.825825826    0.338560612    0.330843215    0.221103861
   10.840840841    0.329665781    0.325517699    0.219841212
   10.855855856    0.318752996    0.318046997    0.217468925
   10.870870871    0.308478210    0.310424964    0.214467810
   10.885885886    0.299896974    0.303729611    0.211071877
   10.900900901    0.293045264    0.298041116    0.206693285
   10.915915916    0.287852871    0.293435645    0.200509153
   10.930930931    0.283378652    0.289131548    0.192864365
   10.945945946    0.277971243    0.283325513    0.184951289
   10.960960961    0.271534058    0.275513594    0.177596282
   10.975975976    0.265722268    0.267414560    0.170783217
   10.990990991    0.261233745    0.260713870    0.163963036
   11.006006006    0.257258072    0.255526499    0.157101094
   11.021021021    0.253210465    0.251491858    0.151116573
   11.036036036    0.249908694    0.249237034    0.146900644
   11.051051051    0.248005805    0.248981309    0.144405311
   11.066066066    0.246283926    0.248448877    0.142579725
   11.081081081    0.243139727    0.244840086    0.140093134
   11.096096096    0.238546750    0.238230480    0.136872667
   11.111111111    0.233971338    0.231542582    0.134034434
   11.126126126    0.230697824    0.227363716    0.132246157
   11.141141141    0.229314567    0.226456138    0.131306602
   11.156156156    0.229932201    0.228189414    0.131066792
   11.171171171    0.232079585    0.231240139    0.131715591
   11.186186186    0.235232443    0.234913492    0.133175507
   11.201201201    0.238926179    0.239040824    0.135013269
   11.216216216    0.242655899    0.243188368    0.136796076
   11.231231231    0.245215451    0.245955955    0.138001261
   11.246246246    0.245157652    0.245995314    0.138219923
   11.261261261    0.242224781    0.243403516    0.137602815
   11.276276276    0.237501233    0.239156031    0.136676057
   11.291291291    0.232810876    0.234752881    0.135750676
   11.306306306    0.229031606    0.231034517    0.134720501
   11.321321321    0.225714803    0.227584017    0.133469231
   11.336336336    0.222310924    0.223503820    0.131756451
   11.351351351    0.218228557    0.218414543    0.129094910
   11.366366366    0.212843936    0.212308472    0.125207756
   11.381381381    0.205856789    0.204839589    0.120224610
   11.396396396    0.197627862    0.196343756    0.114644982
   11.411411411    0.189334817    0.188162521    0.108916018
   11.426426426    0.181825966    0.180855857    0.103124784
   11.441441441    0.175054378    0.174154307    0.097464775
   11.456456456    0.167892233    0.167433487    0.092261460
   11.471471471    0.159225686    0.159842681    0.087705585
   11.486486486    0.149637296    0.151141960    0.083739848
   11.501501502    0.140788741    0.142167819    0.080232141
   11.516516517    0.133864399    0.134412622    0.077291109
   11.531531532    0.128813216    0.128727772    0.075019494
   11.546546547    0.124877272    0.124794543    0.073289730
   11.561561562    0.121703755    0.121989791    0.071948427
   11.576576577    0.119404992    0.119917136    0.070941012
   11.591591592    0.117910889    0.118220840    0.070206558
   11.606606607    0.116750645    0.116455095    0.069711532
   11.621621622    0.115333882    0.114345420    0.069408791
   11.636636637    0.113430568    0.112094435    0.068911401
   11.651651652    0.111105685    0.109907833    0.067715865
   11.666666667    0.108014609    0.107205815    0.065727688
   11.681681682    0.103388982    0.103134532    0.063147531
   11.696696697    0.097209794    0.097695630    0.060124851
   11.711711712    0.090039718    0.091277844    0.056736151
   11.726726727    0.082535805    0.084206104    0.053334455
   11.741741742    0.075286350    0.076778649    0.050419873
   11.756756757    0.068726909    0.069544169    0.048178643
   11.771771772    0.063324909    0.063303575    0.046433710
   11.786786787    0.059198144    0.058463213    0.044904865
   11.801801802    0.055824758    0.054715798    0.043411908
   11.816816817    0.052460130    0.051365928    0.041935920
   11.831831832    0.048946907    0.048083975    0.040602432
   11.846846847    0.045676247    0.045027094    0.039495164
   11.861861862    0.042879084    0.042370967    0.038486054
   11.876876877    0.040479111    0.040146350    0.037357375
   11.891891892    0.038341767    0.038278080    0.035977815
   11.906906907    0.036349813    0.036561910    0.034327769
   11.921921922    0.034406843    0.034770403    0.032453453
   11.936936937    0.032476594    0.032829790    0.030501043
   11.951951952    0.030599011    0.030869553    0.028702562
   11.966966967    0.028935992    0.029161300    0.027229970
   11.981981982    0.027611211    0.027858697    0.026107863
   11.996996997    0.026549712    0.026850116    0.025224616
   12.012012012    0.025626231    0.025922366    0.024439896
   12.027027027    0.024804844    0.024990197    0.023712121
   12.042042042    0.024124008    0.024165819    0.023100171
   12.057057057    0.023633178    0.023589910    0.022647450
   12.072072072    0.023350561    0.023299564    0.022316491
   12.087087087    0.023303557    0.023276528    0.022010371
   12.102102102    0.023542337    0.023519214    0.021658577
   12.117117117    0.024081559    0.024028863    0.021289266
   12.132132132    0.024801830    0.024715467    0.020967065
   12.147147147    0.025506193    0.025412541    0.020725319
   12.162162162    0.026054667    0.025983132    0.020551108
   12.177177177    0.026375619    0.026343365    0.020396430
   12.192192192    0.026521096    0.026520304    0.020239728
   12.207207207    0.026614947    0.026628161    0.020104720
   12.222222222    0.026681769    0.026705964    0.020033356
   12.237237237    0.026687950    0.026720469    0.020077808
   12.252252252    0.026723485    0.026741284    0.020256179
   12.267267267    0.026874580    0.026850864    0.020499415
   12.282282282    0.027120742    0.027065550    0.020718704
   12.297297297    0.027385457    0.027361954    0.020938477
   12.312312312    0.027551903    0.027626528    0.021262644
   12.327327327    0.027609282    0.027767036    0.021770154
   12.342342342    0.027723999    0.027849674    0.022511899
   12.357357357    0.028059978    0.028050029    0.023540822
   12.372372372    0.028691168    0.028553824    0.024935111
   12.387387387    0.029588697    0.029417185    0.026835551
   12.402402402    0.030645491    0.030573919    0.029468062
   12.417417417    0.031858083    0.031962850    0.033143471
   12.432432432    0.033335765    0.033565659    0.038138220
   12.447447447    0.035165849    0.035404848    0.044344188
   12.462462462    0.037261366    0.037360234    0.050832353
   12.477477477    0.039344836    0.039191035    0.056223771
   12.492492492    0.041119929    0.040808941    0.059902399
   12.507507508    0.042462738    0.042218886    0.062009905
   12.522522523    0.043414497    0.043337433    0.062633238
   12.537537538    0.044125302    0.044188642    0.062166560
   12.552552553    0.044713470    0.044893196    0.061347787
   12.567567568    0.045212680    0.045495669    0.060656452
   12.582582583    0.045796949    0.046130545    0.060433846
   12.597597598    0.046477664    0.046752271    0.060354913
   12.612612613    0.047038530    0.047051258    0.059501937
   12.627627628    0.047431939    0.047012866    0.057888027
   12.642642643    0.047747054    0.046971780    0.056357718
   12.657657658    0.048016307    0.047229615    0.055223440
   12.672672673    0.048258772    0.047915072    0.054362198
   12.687687688    0.048662472    0.049015907    0.054015232
   12.702702703    0.049368162    0.050264578    0.054277453
   12.717717718    0.050218184    0.051208758    0.054421411
   12.732732733    0.050851426    0.051513700    0.053618967
   12.747747748    0.051135485    0.051322314    0.052153791
   12.762762763    0.051414308    0.051167058    0.050948141
   12.777777778    0.052002956    0.051385645    0.050352358
   12.792792793    0.052885667    0.052047939    0.050242169
   12.807807808    0.053936502    0.053112637    0.050545437
   12.822822823    0.054972757    0.054411798    0.051072965
   12.837837838    0.055915304    0.055820265    0.051407415
   12.852852853    0.056852276    0.057338498    0.051348273
   12.867867868    0.057801855    0.058802290    0.051094744
   12.882882883    0.058797278    0.059984763    0.051019893
   12.897897898    0.060087103    0.060976420    0.051323314
   12.912912913    0.061620944    0.061850093    0.051666726
   12.927927928    0.062655855    0.062168682    0.051159865
   12.942942943    0.062479966    0.061399711    0.049138832
   12.957957958    0.061110567    0.059773299    0.045981391
   12.972972973    0.059095447    0.058110716    0.042687449
   12.987987988    0.057125367    0.056961868    0.039904451
   13.003003003    0.055762374    0.056403780    0.037776235
   13.018018018    0.055123097    0.056170372    0.036227909
   13.033033033    0.054731887    0.055697314    0.035070077
   13.048048048    0.053879604    0.054446622    0.034067571
   13.063063063    0.052542640    0.052659148    0.033170111
   13.078078078    0.051293282    0.051024028    0.032485207
   13.093093093    0.050392518    0.049845720    0.032037421
   13.108108108    0.049697232    0.049071397    0.031779604
   13.123123123    0.048972399    0.048570606    0.031677044
   13.138138138    0.048322002    0.048327379    0.031695969
   13.153153153    0.048116214    0.048350217    0.031699311
   13.168168168    0.048408014    0.048529415    0.031458884
   13.183183183    0.048732159    0.048629054    0.030831741
   13.198198198    0.048494577    0.048369669    0.029893956
   13.213213213    0.047564263    0.047599558    0.028850999
   13.228228228    0.046452700    0.046644940    0.027903340
   13.243243243    0.045744087    0.046084150    0.027175620
   13.258258258    0.045513813    0.045919359    0.026631436
   13.273273273    0.045681674    0.045921438    0.026186528
   13.288288288    0.046230185    0.046202098    0.025861686
   13.303303303    0.047048058    0.046863809    0.025749293
   13.318318318    0.048032878    0.047803167    0.025890197
   13.333333333    0.048971153    0.048706976    0.026157422
   13.348348348    0.049544784    0.049252246    0.026365771
   13.363363363    0.049657234    0.049326799    0.026474987
   13.378378378    0.049444818    0.049064725    0.026548493
   13.393393393    0.049037883    0.048762104    0.026614176
   13.408408408    0.048499533    0.048591700    0.026720497
   13.423423423    0.047819669    0.048425097    0.026907227
   13.438438438    0.047189073    0.048184166    0.027109462
   13.453453453    0.046940682    0.047959018    0.027277438
   13.468468468    0.047221654    0.047799349    0.027502871
   13.483483483    0.047950441    0.047755060    0.027880174
   13.498498498    0.048655725    0.047745050    0.028361893
   13.513513514    0.048705517    0.047491231    0.028832657
   13.528528529    0.048081255    0.047075014    0.029253543
   13.543543544    0.047270575    0.046798717    0.029587223
   13.558558559    0.046683861    0.046720456    0.029780666
   13.573573574    0.046450161    0.046820936    0.029947530
   13.588588589    0.046315441    0.046941313    0.030218461
   13.603603604    0.045963224    0.046830420    0.030533160
   13.618618619    0.045702457    0.046704952    0.030815222
   13.633633634    0.046172682    0.047036771    0.031067903
   13.648648649    0.047678378    0.048025370    0.031377602
   13.663663664    0.050145766    0.049689916    0.031871126
   13.678678679    0.053154835    0.051967573    0.032498114
   13.693693694    0.056038615    0.054563997    0.033034707
   13.708708709    0.058188450    0.057000523    0.033306719
   13.723723724    0.059303065    0.058817437    0.033309538
   13.738738739    0.059488894    0.059799607    0.033167500
   13.753753754    0.058911691    0.059858267    0.032903510
   13.768768769    0.057628671    0.058887990    0.032471741
   13.783783784    0.055932034    0.057109658    0.031976374
   13.798798799    0.054543250    0.055320930    0.031653924
   13.813813814    0.053978509    0.054168810    0.031707136
   13.828828829    0.054017743    0.053547303    0.032188772
   13.843843844    0.053863727    0.052869297    0.032871408
   13.858858859    0.052764236    0.051626309    0.033394501
   13.873873874    0.050866626    0.050013014    0.033662513
   13.888888889    0.048901879    0.048603906    0.033827412
   13.903903904    0.047370621    0.047617410    0.034013235
   13.918918919    0.046380789    0.046912576    0.034222420
   13.933933934    0.045756081    0.046306586    0.034399270
   13.948948949    0.045359746    0.045828813    0.034587608
   13.963963964    0.045248019    0.045647037    0.034886594
   13.978978979    0.045460056    0.045764452    0.035357183
   13.993993994    0.045799720    0.045883641    0.036006527
   14.009009009    0.045922378    0.045655416    0.036697354
   14.024024024    0.045580028    0.045028797    0.037235262
   14.039039039    0.044928845    0.044382485    0.037687420
   14.054054054    0.044436451    0.044200230    0.038308783
   14.069069069    0.044406413    0.044538971    0.039160258
   14.084084084    0.044764150    0.045056504    0.040094521
   14.099099099    0.045249593    0.045484923    0.040996754
   14.114114114    0.045824092    0.045961215    0.041929757
   14.129129129    0.046724795    0.046780690    0.042998019
   14.144144144    0.047936580    0.047882056    0.044232581
   14.159159159    0.049051552    0.048928038    0.045588559
   14.174174174    0.049826196    0.049734198    0.046962636
   14.189189189    0.050469830    0.050439504    0.048352613
   14.204204204    0.051111586    0.051126483    0.049583836
   14.219219219    0.051550054    0.051574828    0.050081743
   14.234234234    0.051678991    0.051657679    0.049641865
   14.249249249    0.051468357    0.051398947    0.048549035
   14.264264264    0.050773334    0.050744877    0.046922639
   14.279279279    0.049637954    0.049764585    0.044792753
   14.294294294    0.048349118    0.048607395    0.042300786
   14.309309309    0.047012049    0.047197595    0.039630012
   14.324324324    0.045545872    0.045493324    0.036904059
   14.339339339    0.044037878    0.043805825    0.034248854
   14.354354354    0.042811733    0.042606222    0.032002902
   14.369369369    0.042103332    0.042061026    0.030464870
   14.384384384    0.041938850    0.042019717    0.029548195
   14.399399399    0.042239909    0.042333497    0.028947985
   14.414414414    0.042755493    0.042821976    0.028513267
   14.429429429    0.043305091    0.043333446    0.028280724
   14.444444444    0.043986336    0.043946707    0.028237769
   14.459459459    0.044700728    0.044585663    0.028173547
   14.474474474    0.045035821    0.044908044    0.027903038
   14.489489489    0.044893238    0.044820429    0.027620063
   14.504504505    0.044460349    0.044449993    0.027559749
   14.519519520    0.043746490    0.043810815    0.027660134
   14.534534535    0.042811077    0.042966282    0.027791865
   14.549549550    0.041934035    0.042160593    0.028007455
   14.564564565    0.041336265    0.041533166    0.028498206
   14.579579580    0.041022686    0.041013338    0.029339220
   14.594594595    0.040769795    0.040537754    0.030226697
   14.609609610    0.040382394    0.040136550    0.030677665
   14.624624625    0.039912719    0.039862524    0.030684325
   14.639639640    0.039488390    0.039656919    0.030622350
   14.654654655    0.039153476    0.039360745    0.030693157
   14.669669670    0.038873214    0.038934446    0.030777817
   14.684684685    0.038569795    0.038466757    0.030714810
   14.699699700    0.038272570    0.038129477    0.030638597
   14.714714715    0.038113021    0.038098419    0.030816370
   14.729729730    0.038055927    0.038194002    0.031193502
   14.744744745    0.037892117    0.037978879    0.031336332
   14.759759760    0.037591075    0.037460475    0.031016231
   14.774774775    0.037369396    0.037089914    0.030592358
   14.789789790    0.037345668    0.037102699    0.030484899
   14.804804805    0.037424771    0.037366567    0.030682898
   14.819819820    0.037465386    0.037648407    0.030875130
   14.834834835    0.037383743    0.037753894    0.030866744
   14.849849850    0.037221308    0.037636948    0.030785191
   14.864864865    0.037179285    0.037489406    0.030881773
   14.879879880    0.037377065    0.037439774    0.031121940
   14.894894895    0.037716239    0.037456236    0.031254681
   14.909909910    0.038006849    0.037518055    0.031259679
   14.924924925    0.037983226    0.037493613    0.031225464
   14.939939940    0.037481436    0.037252476    0.031168322
   14.954954955    0.036743571    0.036913499    0.031127999
   14.969969970    0.036179119    0.036656635    0.031103140
   14.984984985    0.035879249    0.036439873    0.031040895
   15.000000000    0.035735510    0.036155861    0.030966632
