# energy grid [eV]     epsi_x  epsi_y  epsi_z
#
    0.000000000    0.000000000    0.000000000    0.000000000
    0.015015015    0.000350910    0.000350910    0.000076658
    0.030030030    0.000701943    0.000701943    0.000153331
    0.045045045    0.001053220    0.001053220    0.000230035
    0.060060060    0.001404864    0.001404865    0.000306786
    0.075075075    0.001756999    0.001757000    0.000383599
    0.090090090    0.002109747    0.002109749    0.000460490
    0.105105105    0.002463234    0.002463235    0.000537474
    0.120120120    0.002817583    0.002817585    0.000614568
    0.135135135    0.003172921    0.003172923    0.000691787
    0.150150150    0.003529375    0.003529377    0.000769147
    0.165165165    0.003887072    0.003887074    0.000846665
    0.180180180    0.004246143    0.004246145    0.000924355
    0.195195195    0.004606716    0.004606719    0.001002236
    0.210210210    0.004968926    0.004968929    0.001080322
    0.225225225    0.005332906    0.005332909    0.001158632
    0.240240240    0.005698792    0.005698796    0.001237181
    0.255255255    0.006066723    0.006066726    0.001315987
    0.270270270    0.006436838    0.006436841    0.001395067
    0.285285285    0.006809279    0.006809283    0.001474438
    0.300300300    0.007184194    0.007184197    0.001554119
    0.315315315    0.007561728    0.007561732    0.001634126
    0.330330330    0.007942033    0.007942037    0.001714479
    0.345345345    0.008325263    0.008325267    0.001795196
    0.360360360    0.008711575    0.008711580    0.001876295
    0.375375375    0.009101130    0.009101135    0.001957796
    0.390390390    0.009494092    0.009494097    0.002039719
    0.405405405    0.009890630    0.009890636    0.002122082
    0.420420420    0.010290917    0.010290922    0.002204907
    0.435435435    0.010695128    0.010695134    0.002288214
    0.450450450    0.011103446    0.011103452    0.002372024
    0.465465465    0.011516058    0.011516064    0.002456359
    0.480480480    0.011933156    0.011933162    0.002541241
    0.495495495    0.012354936    0.012354942    0.002626692
    0.510510511    0.012781603    0.012781609    0.002712736
    0.525525526    0.013213365    0.013213371    0.002799395
    0.540540541    0.013650439    0.013650445    0.002886695
    0.555555556    0.014093047    0.014093054    0.002974659
    0.570570571    0.014541420    0.014541427    0.003063314
    0.585585586    0.014995795    0.014995803    0.003152686
    0.600600601    0.015456419    0.015456427    0.003242802
    0.615615616    0.015923546    0.015923554    0.003333688
    0.630630631    0.016397439    0.016397448    0.003425375
    0.645645646    0.016878373    0.016878381    0.003517890
    0.660660661    0.017366629    0.017366637    0.003611264
    0.675675676    0.017862502    0.017862510    0.003705529
    0.690690691    0.018366297    0.018366305    0.003800716
    0.705705706    0.018878331    0.018878340    0.003896859
    0.720720721    0.019398935    0.019398944    0.003993991
    0.735735736    0.019928451    0.019928460    0.004092148
    0.750750751    0.020467237    0.020467247    0.004191367
    0.765765766    0.021015665    0.021015675    0.004291685
    0.780780781    0.021574125    0.021574135    0.004393142
    0.795795796    0.022143020    0.022143031    0.004495778
    0.810810811    0.022722775    0.022722786    0.004599635
    0.825825826    0.023313832    0.023313843    0.004704756
    0.840840841    0.023916654    0.023916665    0.004811188
    0.855855856    0.024531724    0.024531735    0.004918977
    0.870870871    0.025159549    0.025159561    0.005028171
    0.885885886    0.025800662    0.025800673    0.005138823
    0.900900901    0.026455618    0.026455630    0.005250984
    0.915915916    0.027125005    0.027125017    0.005364710
    0.930930931    0.027809435    0.027809448    0.005480058
    0.945945946    0.028509556    0.028509569    0.005597089
    0.960960961    0.029226048    0.029226061    0.005715864
    0.975975976    0.029959626    0.029959639    0.005836449
    0.990990991    0.030711045    0.030711059    0.005958912
    1.006006006    0.031481102    0.031481116    0.006083325
    1.021021021    0.032270637    0.032270651    0.006209763
    1.036036036    0.033080539    0.033080554    0.006338302
    1.051051051    0.033911748    0.033911763    0.006469027
    1.066066066    0.034765259    0.034765274    0.006602022
    1.081081081    0.035642126    0.035642142    0.006737378
    1.096096096    0.036543469    0.036543485    0.006875190
    1.111111111    0.037470476    0.037470492    0.007015558
    1.126126126    0.038424410    0.038424427    0.007158586
    1.141141141    0.039406616    0.039406634    0.007304386
    1.156156156    0.040418528    0.040418546    0.007453075
    1.171171171    0.041461674    0.041461693    0.007604774
    1.186186186    0.042537687    0.042537707    0.007759616
    1.201201201    0.043648313    0.043648334    0.007917736
    1.216216216    0.044795424    0.044795445    0.008079281
    1.231231231    0.045981023    0.045981046    0.008244405
    1.246246246    0.047207267    0.047207291    0.008413272
    1.261261261    0.048476470    0.048476495    0.008586054
    1.276276276    0.049791128    0.049791155    0.008762938
    1.291291291    0.051153932    0.051153961    0.008944118
    1.306306306    0.052567792    0.052567823    0.009129805
    1.321321321    0.054035856    0.054035890    0.009320221
    1.336336336    0.055561538    0.055561576    0.009515604
    1.351351351    0.057148550    0.057148591    0.009716210
    1.366366366    0.058800929    0.058800975    0.009922310
    1.381381381    0.060523084    0.060523135    0.010134197
    1.396396396    0.062319833    0.062319890    0.010352185
    1.411411411    0.064196455    0.064196520    0.010576610
    1.426426426    0.066158751    0.066158826    0.010807837
    1.441441441    0.068213110    0.068213197    0.011046257
    1.456456456    0.070366589    0.070366690    0.011292292
    1.471471471    0.072627000    0.072627118    0.011546402
    1.486486486    0.075003024    0.075003165    0.011809081
    1.501501502    0.077504337    0.077504505    0.012080869
    1.516516517    0.080141755    0.080141958    0.012362353
    1.531531532    0.082927422    0.082927668    0.012654173
    1.546546547    0.085875018    0.085875320    0.012957027
    1.561561562    0.089000021    0.089000396    0.013271681
    1.576576577    0.092320024    0.092320491    0.013598975
    1.591591592    0.095855112    0.095855700    0.013939836
    1.606606607    0.099628341    0.099629087    0.014295284
    1.621621622    0.103666320    0.103667275    0.014666449
    1.636636637    0.107999944    0.108001178    0.015054587
    1.651651652    0.112665317    0.112666926    0.015461093
    1.666666667    0.117704931    0.117707052    0.015887530
    1.681681682    0.123169181    0.123172002    0.016335648
    1.696696697    0.129118334    0.129122130    0.016807418
    1.711711712    0.135625133    0.135630299    0.017305070
    1.726726727    0.142778271    0.142785385    0.017831134
    1.741741742    0.150687086    0.150697009    0.018388501
    1.756756757    0.159488036    0.159502067    0.018980485
    1.771771772    0.169353744    0.169373872    0.019610915
    1.786786787    0.180505870    0.180535192    0.020284241
    1.801801802    0.193233784    0.193277199    0.021005668
    1.816816817    0.207922194    0.207987572    0.021781344
    1.831831832    0.225092814    0.225192988    0.022618592
    1.846846847    0.245468444    0.245624552    0.023526230
    1.861861862    0.270072954    0.270319875    0.024515005
    1.876876877    0.300388065    0.300782275    0.025598202
    1.891891892    0.338594368    0.339221052    0.026792498
    1.906906907    0.387911005    0.388870360    0.028119161
    1.921921922    0.452935254    0.454221355    0.029605627
    1.936936937    0.539395958    0.540372904    0.031287124
    1.951951952    0.651330732    0.649199562    0.033206675
    1.966966967    0.782503292    0.770534892    0.035410096
    1.981981982    0.907715626    0.881010191    0.037939842
    1.996996997    0.998103762    0.970147981    0.040851053
    2.012012012    1.052352490    1.051930638    0.044228554
    2.027027027    1.096531187    1.136732635    0.048170619
    2.042042042    1.153609034    1.221408839    0.052873901
    2.057057057    1.224447830    1.297229943    0.058728277
    2.072072072    1.308771836    1.359592102    0.066201631
    2.087087087    1.419470836    1.417494879    0.075673510
    2.102102102    1.557870871    1.485641516    0.087423870
    2.117117117    1.705248147    1.578711294    0.101983230
    2.132132132    1.841406342    1.710331591    0.119962249
    2.147147147    1.968473188    1.888300700    0.140713812
    2.162162162    2.104516350    2.105515873    0.162032595
    2.177177177    2.250565175    2.331773310    0.181817330
    2.192192192    2.382256720    2.509771134    0.198871238
    2.207207207    2.466450539    2.590265164    0.212550540
    2.222222222    2.502088262    2.592459325    0.224013284
    2.237237237    2.529145683    2.575119625    0.235815821
    2.252252252    2.580767738    2.572279924    0.249912049
    2.267267267    2.649482314    2.582396904    0.265809296
    2.282282282    2.703757641    2.593231082    0.281013942
    2.297297297    2.720932452    2.599635613    0.294072869
    2.312312312    2.697122573    2.601521668    0.304862372
    2.327327327    2.666953449    2.621234347    0.315016289
    2.342342342    2.674848345    2.690810069    0.327238969
    2.357357357    2.708682036    2.789489505    0.340773587
    2.372372372    2.728700832    2.852445494    0.353563042
    2.387387387    2.729927109    2.850854939    0.366075647
    2.402402402    2.726049008    2.804866549    0.378322781
    2.417417417    2.726417606    2.744706245    0.389770420
    2.432432432    2.742009814    2.697349817    0.402673563
    2.447447447    2.769999234    2.672928561    0.418961454
    2.462462462    2.794218235    2.675438018    0.436358871
    2.477477477    2.815900393    2.716714174    0.452204545
    2.492492492    2.837379550    2.791363033    0.466647159
    2.507507508    2.855354927    2.880632601    0.481315663
    2.522522523    2.892267029    2.979084415    0.498409159
    2.537537538    2.961846394    3.068508163    0.519447041
    2.552552553    3.044100060    3.118693151    0.545552433
    2.567567568    3.112921839    3.131770572    0.575187630
    2.582582583    3.165611230    3.144358613    0.606039525
    2.597597598    3.229483775    3.191580703    0.636543313
    2.612612613    3.332938152    3.284639690    0.664430579
    2.627627628    3.480265040    3.422616021    0.688520105
    2.642642643    3.664642912    3.611145578    0.706009745
    2.657657658    3.889983287    3.862209540    0.711751213
    2.672672673    4.181133803    4.191914259    0.703252006
    2.687687688    4.569968172    4.616805325    0.684543600
    2.702702703    5.065189440    5.127520156    0.661756562
    2.717717718    5.632327801    5.671156183    0.634739958
    2.732732733    6.144491654    6.136293652    0.598277749
    2.747747748    6.411535821    6.399816444    0.549638751
    2.762762763    6.378569002    6.442653000    0.492555535
    2.777777778    6.198945344    6.333412012    0.435145789
    2.792792793    6.051760149    6.149971594    0.386035497
    2.807807808    6.003769475    5.968478190    0.348544100
    2.822822823    5.995935415    5.814214249    0.319573679
    2.837837838    5.885044531    5.632951081    0.295619846
    2.852852853    5.604482098    5.397685856    0.275969543
    2.867867868    5.254714769    5.178026905    0.260884056
    2.882882883    4.947123045    5.020325273    0.249833078
    2.897897898    4.714022189    4.891121199    0.241684949
    2.912912913    4.538858307    4.738436345    0.235475429
    2.927927928    4.408952624    4.567136129    0.231001971
    2.942942943    4.336469578    4.436115801    0.229062303
    2.957957958    4.319476226    4.366938592    0.230192485
    2.972972973    4.332237209    4.318701816    0.232112433
    2.987987988    4.333777963    4.246290999    0.231919208
    3.003003003    4.282183007    4.144688367    0.229703521
    3.018018018    4.169313823    4.034311055    0.227123655
    3.033033033    4.028550640    3.937001158    0.225834772
    3.048048048    3.898077422    3.857766800    0.226234761
    3.063063063    3.789600983    3.785200909    0.227151108
    3.078078078    3.702530900    3.719702595    0.228237407
    3.093093093    3.634545279    3.666575495    0.230835558
    3.108108108    3.585618962    3.635248592    0.236698742
    3.123123123    3.562994243    3.637428991    0.245272461
    3.138138138    3.561137540    3.651643570    0.253159141
    3.153153153    3.558312257    3.634892772    0.257751598
    3.168168168    3.550279413    3.582482187    0.259830588
    3.183183183    3.545246832    3.526789338    0.261879560
    3.198198198    3.552014135    3.504182234    0.265633290
    3.213213213    3.581759396    3.530774922    0.271105476
    3.228228228    3.633197249    3.593407194    0.278200115
    3.243243243    3.690766061    3.666310480    0.288203101
    3.258258258    3.750288344    3.732083239    0.301707808
    3.273273273    3.827655794    3.800304070    0.316342254
    3.288288288    3.935523026    3.897742284    0.328802067
    3.303303303    4.093966915    4.064838490    0.339850930
    3.318318318    4.343982628    4.347106096    0.352389652
    3.333333333    4.701031375    4.746915846    0.366625215
    3.348348348    5.130311725    5.203427530    0.379417346
    3.363363363    5.559659940    5.616783888    0.386174145
    3.378378378    5.891011522    5.899147502    0.385975174
    3.393393393    6.062920984    6.031944164    0.383143588
    3.408408408    6.095196633    6.058599680    0.382706599
    3.423423423    6.050623326    6.035097094    0.387606751
    3.438438438    5.984660628    5.994705385    0.398764986
    3.453453453    5.926513381    5.939297173    0.416526085
    3.468468468    5.863989062    5.861002840    0.439237223
    3.483483483    5.775047154    5.769904154    0.462127008
    3.498498498    5.678665841    5.690554043    0.480885233
    3.513513514    5.612348758    5.629511727    0.494220772
    3.528528529    5.580151594    5.579197445    0.505110528
    3.543543544    5.550710843    5.532324089    0.516394227
    3.558558559    5.502890882    5.480958773    0.526673359
    3.573573574    5.436324291    5.419489726    0.533448763
    3.588588589    5.355327363    5.348954954    0.536088655
    3.603603604    5.268466530    5.279026904    0.536785807
    3.618618619    5.190457555    5.222221251    0.539214077
    3.633633634    5.115014941    5.153963874    0.544431408
    3.648648649    5.013893246    5.031190839    0.549829123
    3.663663664    4.880081497    4.857371998    0.551709208
    3.678678679    4.723739925    4.668803943    0.549234535
    3.693693694    4.547206214    4.490136957    0.545325997
    3.708708709    4.346506179    4.312928136    0.542904812
    3.723723724    4.127147777    4.123416175    0.542181598
    3.738738739    3.918800167    3.945481693    0.542935816
    3.753753754    3.750794349    3.807905022    0.547017820
    3.768768769    3.628117276    3.703347353    0.555029380
    3.783783784    3.531027543    3.598484293    0.562904689
    3.798798799    3.440683698    3.474750219    0.566492875
    3.813813814    3.364130320    3.355759430    0.566909677
    3.828828829    3.307133401    3.268328572    0.567788274
    3.843843844    3.261135571    3.205909983    0.571746939
    3.858858859    3.211851677    3.144293739    0.579413387
    3.873873874    3.144474702    3.073100082    0.589001892
    3.888888889    3.052996175    2.996866986    0.598946113
    3.903903904    2.951080944    2.929328794    0.610885459
    3.918918919    2.861924817    2.878919412    0.625988955
    3.933933934    2.793721100    2.835390269    0.641976308
    3.948948949    2.742930742    2.790340905    0.655432368
    3.963963964    2.710771579    2.757415128    0.665524196
    3.978978979    2.700732527    2.753254425    0.676676283
    3.993993994    2.706025520    2.765100188    0.694588593
    4.009009009    2.715916601    2.765786053    0.722005291
    4.024024024    2.724116838    2.746623606    0.755625970
    4.039039039    2.729496358    2.720688663    0.788783857
    4.054054054    2.736064610    2.704543974    0.820122032
    4.069069069    2.753424210    2.707701976    0.855967572
    4.084084084    2.784611386    2.725762612    0.903763624
    4.099099099    2.816206541    2.745730382    0.966049818
    4.114114114    2.831166449    2.761510060    1.041422752
    4.129129129    2.830359953    2.779863600    1.128611661
    4.144144144    2.839860832    2.821201311    1.230869462
    4.159159159    2.889166663    2.904941151    1.357921873
    4.174174174    2.990747014    3.035599853    1.521935980
    4.189189189    3.140851367    3.203245917    1.723367020
    4.204204204    3.313172191    3.377848126    1.938333630
    4.219219219    3.459488924    3.512730377    2.123065272
    4.234234234    3.524809720    3.559754368    2.233095105
    4.249249249    3.465889771    3.482213928    2.241923746
    4.264264264    3.286214791    3.287250215    2.152763616
    4.279279279    3.049683297    3.040075050    2.004734423
    4.294294294    2.831962462    2.815853565    1.854131789
    4.309309309    2.668862134    2.647868716    1.738468900
    4.324324324    2.562044460    2.535344666    1.666555245
    4.339339339    2.506120568    2.474218153    1.633499643
    4.354354354    2.491932151    2.458919602    1.631365348
    4.369369369    2.499467711    2.472205009    1.651849003
    4.384384384    2.503183182    2.488035862    1.685171674
    4.399399399    2.487939738    2.487985626    1.721633528
    4.414414414    2.458208190    2.469587124    1.757685725
    4.429429429    2.423198401    2.436880187    1.792343504
    4.444444444    2.384104347    2.394352005    1.819141191
    4.459459459    2.336943058    2.346455398    1.830062561
    4.474474474    2.285154009    2.300268418    1.824907323
    4.489489489    2.244555617    2.265228098    1.811346045
    4.504504505    2.227394330    2.245797264    1.798498974
    4.519519520    2.226245184    2.234785693    1.786163150
    4.534534535    2.224484413    2.221939187    1.766224277
    4.549549550    2.217592344    2.207940227    1.741646890
    4.564564565    2.211315051    2.201474644    1.723058097
    4.579579580    2.213091705    2.210475999    1.715766916
    4.594594595    2.230854077    2.237496186    1.721578588
    4.609609610    2.263215444    2.273148743    1.736084529
    4.624624625    2.293539071    2.298418828    1.749256110
    4.639639640    2.306266611    2.301066402    1.758448408
    4.654654655    2.298722652    2.281736412    1.768672352
    4.669669670    2.276140639    2.250654434    1.782755907
    4.684684685    2.248238181    2.224831773    1.800865112
    4.699699700    2.225681488    2.216416521    1.823489453
    4.714714715    2.210394272    2.218184745    1.851483124
    4.729729730    2.195814238    2.212234017    1.885328559
    4.744744745    2.181888382    2.196029783    1.922261954
    4.759759760    2.176478593    2.184213699    1.957947390
    4.774774775    2.183163576    2.184789694    1.991776646
    4.789789790    2.197682969    2.194329647    2.026156559
    4.804804805    2.218324390    2.214508067    2.065302215
    4.819819820    2.247228492    2.249113975    2.109035419
    4.834834835    2.279010267    2.287738966    2.150978822
    4.849849850    2.303271994    2.312682707    2.185921165
    4.864864865    2.320522026    2.324481451    2.215761068
    4.879879880    2.339082730    2.337070859    2.244711454
    4.894894895    2.357940494    2.353067704    2.273096105
    4.909909910    2.367396565    2.365570714    2.300548088
    4.924924925    2.362628231    2.369802082    2.328944537
    4.939939940    2.346439254    2.359980440    2.358166030
    4.954954955    2.324638431    2.331754328    2.388018444
    4.969969970    2.302575715    2.291434004    2.420841061
    4.984984985    2.278942097    2.250207136    2.458974042
    5.000000000    2.246988088    2.215133550    2.503289125
    5.015015015    2.204427030    2.186846036    2.548700617
    5.030030030    2.148645325    2.153297544    2.586344987
    5.045045045    2.080563099    2.102229603    2.618599415
    5.060060060    2.012605576    2.037444859    2.656312806
    5.075075075    1.954874427    1.970111497    2.702086404
    5.090090090    1.904930916    1.905736854    2.751566592
    5.105105105    1.853959731    1.843737442    2.801298324
    5.120120120    1.796776950    1.784546064    2.849807531
    5.135135135    1.738948979    1.734638876    2.897979497
    5.150150150    1.690290727    1.698749720    2.949112846
    5.165165165    1.654780420    1.671094117    3.002967362
    5.180180180    1.626764746    1.639292013    3.053012252
    5.195195195    1.595827002    1.597318357    3.092992001
    5.210210210    1.560413672    1.552234513    3.124951812
    5.225225225    1.527532342    1.515047430    3.155203821
    5.240240240    1.498618520    1.486889798    3.183006401
    5.255255255    1.471594894    1.463967605    3.207894767
    5.270270270    1.445920471    1.444950100    3.240172925
    5.285285285    1.419009683    1.426520503    3.285512069
    5.300300300    1.390960365    1.404349354    3.337575046
    5.315315315    1.366846204    1.378302317    3.395253206
    5.330330330    1.349356416    1.352347849    3.462923003
    5.345345345    1.334503326    1.328346221    3.537721880
    5.360360360    1.317478713    1.304696987    3.618140896
    5.375375375    1.294557545    1.279340282    3.703517052
    5.390390390    1.264130952    1.251364629    3.794284773
    5.405405405    1.230129015    1.222189843    3.898407331
    5.420420420    1.196544190    1.194469646    4.023401678
    5.435435435    1.165051232    1.170666868    4.170649707
    5.450450450    1.136878301    1.150825371    4.342864758
    5.465465465    1.113596761    1.132756349    4.551627184
    5.480480480    1.096239033    1.115237965    4.806545570
    5.495495495    1.082386663    1.098047727    5.099196446
    5.510510511    1.068039223    1.079308548    5.401505208
    5.525525526    1.052828444    1.056741323    5.667970320
    5.540540541    1.037159018    1.030092706    5.808817331
    5.555555556    1.017623898    0.999667960    5.716786452
    5.570570571    0.987845956    0.962860074    5.389283702
    5.585585586    0.945957917    0.919130255    4.944207954
    5.600600601    0.895881736    0.872480807    4.500971447
    5.615615616    0.841874692    0.827221144    4.120326704
    5.630630631    0.789777057    0.788443975    3.818137040
    5.645645646    0.746450438    0.759670071    3.589582803
    5.660660661    0.713949790    0.737964214    3.422716887
    5.675675676    0.689003808    0.716747236    3.300523896
    5.690690691    0.668597786    0.693414129    3.204675595
    5.705705706    0.652504079    0.670901754    3.125808503
    5.720720721    0.641955508    0.652615622    3.065274287
    5.735735736    0.637870722    0.639734465    3.026173718
    5.750750751    0.640321508    0.633140477    3.012234548
    5.765765766    0.648652961    0.633808919    3.023145472
    5.780780781    0.661325398    0.641426822    3.056690719
    5.795795796    0.676934018    0.655175369    3.117930713
    5.810810811    0.694149749    0.674112036    3.212856719
    5.825825826    0.710514733    0.695622068    3.331879633
    5.840840841    0.721214831    0.713584745    3.437680920
    5.855855856    0.721567023    0.721543505    3.486026886
    5.870870871    0.712057082    0.718632783    3.470855350
    5.885885886    0.697367414    0.708624777    3.415124515
    5.900900901    0.682399788    0.696976983    3.341664919
    5.915915916    0.668867907    0.686212377    3.265236156
    5.930930931    0.654114255    0.672626242    3.179198734
    5.945945946    0.635893953    0.651618407    3.063237858
    5.960960961    0.616524092    0.625688251    2.915048782
    5.975975976    0.599846678    0.602104732    2.748766841
    5.990990991    0.587614953    0.584327447    2.575465899
    6.006006006    0.579052306    0.570884223    2.408130474
    6.021021021    0.572155173    0.559720423    2.260225125
    6.036036036    0.564937172    0.549533487    2.133883647
    6.051051051    0.555955154    0.539333895    2.027151285
    6.066066066    0.544109426    0.529179541    1.940939802
    6.081081081    0.530677966    0.520752968    1.874255434
    6.096096096    0.518745098    0.515227075    1.821048733
    6.111111111    0.509126973    0.510865583    1.773450208
    6.126126126    0.500850715    0.505605481    1.727110489
    6.141141141    0.493240141    0.500214933    1.680694954
    6.156156156    0.486036945    0.495911009    1.632975126
    6.171171171    0.479014128    0.491282150    1.583494609
    6.186186186    0.471782709    0.484253028    1.535275113
    6.201201201    0.463925608    0.474656937    1.491661602
    6.216216216    0.456657727    0.464571482    1.452743816
    6.231231231    0.452362539    0.456595960    1.418771822
    6.246246246    0.450969911    0.451270340    1.388250078
    6.261261261    0.449863601    0.446599847    1.353744514
    6.276276276    0.447018847    0.440233194    1.309800488
    6.291291291    0.442480626    0.432128673    1.261623438
    6.306306306    0.436979397    0.424165942    1.220149233
    6.321321321    0.430331593    0.417469959    1.190960292
    6.336336336    0.422212231    0.412039537    1.171490025
    6.351351351    0.412668801    0.406843791    1.155125933
    6.366366366    0.401594068    0.400062192    1.134800045
    6.381381381    0.390241045    0.392603298    1.108805714
    6.396396396    0.380753221    0.387457515    1.084137989
    6.411411411    0.374354173    0.385113641    1.067983371
    6.426426426    0.370550203    0.382944046    1.059599264
    6.441441441    0.368010033    0.378847828    1.053926851
    6.456456456    0.366062808    0.373218286    1.048457477
    6.471471471    0.364293221    0.367204196    1.044452871
    6.486486486    0.362741421    0.362066097    1.044150947
    6.501501502    0.363167744    0.359661387    1.046831373
    6.516516517    0.366986739    0.360919030    1.051144216
    6.531531532    0.372205422    0.364099265    1.056994709
    6.546546547    0.374853487    0.366311600    1.064221393
    6.561561562    0.372648915    0.365919814    1.073456695
    6.576576577    0.366873938    0.363631596    1.087203944
    6.591591592    0.360404010    0.360956580    1.106017601
    6.606606607    0.355264571    0.358684576    1.124515305
    6.621621622    0.352714222    0.357799155    1.134107234
    6.636636637    0.353088349    0.358813092    1.124623041
    6.651651652    0.355526455    0.360641225    1.090943585
    6.666666667    0.358367990    0.361218697    1.043348122
    6.681681682    0.361024755    0.360854702    1.000745939
    6.696696697    0.364786034    0.362641356    0.976408791
    6.711711712    0.372040690    0.369274377    0.978098410
    6.726726727    0.384784685    0.381654068    1.009292731
    6.741741742    0.402550572    0.398987141    1.065319764
    6.756756757    0.422047135    0.418742819    1.132840833
    6.771771772    0.439047395    0.437385543    1.193991509
    6.786786787    0.451305111    0.452437439    1.234415389
    6.801801802    0.460162630    0.463774458    1.252813593
    6.816816817    0.469341650    0.473696783    1.258358412
    6.831831832    0.482244853    0.485853780    1.261715325
    6.846846847    0.500700222    0.503047729    1.270763345
    6.861861862    0.525180464    0.526231061    1.288312030
    6.876876877    0.555486355    0.555204388    1.313376018
    6.891891892    0.592168095    0.590254347    1.345008354
    6.906906907    0.636364236    0.632659276    1.384449011
    6.921921922    0.685567791    0.680999749    1.428763293
    6.936936937    0.733324240    0.730134421    1.473862995
    6.951951952    0.775633677    0.775430127    1.525956639
    6.966966967    0.811333606    0.813809176    1.591276809
    6.981981982    0.839245223    0.842852558    1.663516442
    6.996996997    0.859052287    0.861584945    1.732821714
    7.012012012    0.871057614    0.871276196    1.792799143
    7.027027027    0.874818903    0.873575690    1.832661603
    7.042042042    0.866707671    0.865413799    1.829466717
    7.057057057    0.842047011    0.841252223    1.761959891
    7.072072072    0.803250029    0.802535840    1.639131492
    7.087087087    0.757557455    0.756549354    1.495341548
    7.102102102    0.710494519    0.709617586    1.360549593
    7.117117117    0.666886446    0.666602673    1.246773243
    7.132132132    0.630873289    0.631514025    1.154366495
    7.147147147    0.603435841    0.605398463    1.080281210
    7.162162162    0.583436126    0.586309174    1.019456653
    7.177177177    0.568853404    0.571376667    0.967024864
    7.192192192    0.556870922    0.558132553    0.920621284
    7.207207207    0.546396334    0.546483378    0.879488463
    7.222222222    0.539266033    0.538894358    0.844044247
    7.237237237    0.537200626    0.537205726    0.813898661
    7.252252252    0.540739632    0.540761721    0.786850304
    7.267267267    0.549956303    0.548413781    0.760813476
    7.282282282    0.564071737    0.560157832    0.736889135
    7.297297297    0.580499345    0.575232966    0.717898993
    7.312312312    0.595089197    0.590762824    0.704553347
    7.327327327    0.605309336    0.603387702    0.695590674
    7.342342342    0.610213975    0.609942124    0.687911777
    7.357357357    0.608372725    0.608744972    0.676951621
    7.372372372    0.598559239    0.600940263    0.661423836
    7.387387387    0.583414892    0.589794656    0.646020009
    7.402402402    0.568218755    0.577185776    0.634898073
    7.417417417    0.555616316    0.562877609    0.627335810
    7.432432432    0.545740161    0.548237456    0.621276555
    7.447447447    0.537322666    0.535104404    0.615035434
    7.462462462    0.527769614    0.523056921    0.607750909
    7.477477477    0.515543153    0.511157497    0.599857793
    7.492492492    0.501305476    0.499092830    0.590668019
    7.507507508    0.487114017    0.486901579    0.579936933
    7.522522523    0.474882091    0.474644117    0.570388549
    7.537537538    0.464576200    0.462205065    0.564213415
    7.552552553    0.456128076    0.451211035    0.561769885
    7.567567568    0.450073885    0.443791402    0.561688648
    7.582582583    0.445469567    0.439652005    0.562415709
    7.597597598    0.439567556    0.436129033    0.564495189
    7.612612613    0.430817429    0.431388042    0.569741743
    7.627627628    0.421535758    0.427041921    0.578921968
    7.642642643    0.414786414    0.425249280    0.590863072
    7.657657658    0.411799863    0.425559802    0.603134964
    7.672672673    0.412309767    0.425729191    0.612373319
    7.687687688    0.416592528    0.425323150    0.617494540
    7.702702703    0.427206443    0.428444778    0.621112688
    7.717717718    0.446042233    0.439515395    0.626558616
    7.732732733    0.468869882    0.456142750    0.633302367
    7.747747748    0.484299653    0.468197440    0.635705691
    7.762762763    0.483548032    0.468145948    0.628662984
    7.777777778    0.468095120    0.457859795    0.611546000
    7.792792793    0.445599067    0.443115759    0.587019773
    7.807807808    0.423429338    0.428234890    0.560154600
    7.822822823    0.405818118    0.415504254    0.536032227
    7.837837838    0.395320360    0.406833376    0.518280223
    7.852852853    0.393041024    0.403351790    0.509281415
    7.867867868    0.397103762    0.404168486    0.508066605
    7.882882883    0.402442600    0.406010137    0.510620694
    7.897897898    0.404729918    0.405537827    0.514889250
    7.912912913    0.404877186    0.403244521    0.521267616
    7.927927928    0.406691259    0.402533889    0.530041559
    7.942942943    0.410872333    0.404521618    0.539420017
    7.957957958    0.413593600    0.406568266    0.545498426
    7.972972973    0.412123827    0.406919292    0.545307982
    7.987987988    0.408856442    0.407208788    0.538810078
    8.003003003    0.407189709    0.408926334    0.529559230
    8.018018018    0.407874273    0.411070090    0.521342198
    8.033033033    0.410264024    0.412602521    0.515083914
    8.048048048    0.413465369    0.413832737    0.511016959
    8.063063063    0.416331940    0.414924434    0.508648276
    8.078078078    0.418187525    0.415856668    0.506834441
    8.093093093    0.418709110    0.417063202    0.504762905
    8.108108108    0.418847255    0.419754054    0.502383302
    8.123123123    0.421675346    0.425878591    0.500290735
    8.138138138    0.429607721    0.435893394    0.499083703
    8.153153153    0.441464701    0.447222963    0.499566324
    8.168168168    0.452850066    0.455636922    0.502108695
    8.183183183    0.460674385    0.459454444    0.506442129
    8.198198198    0.465184173    0.460825828    0.512847218
    8.213213213    0.466365857    0.460643723    0.522285057
    8.228228228    0.462315698    0.456592818    0.535257572
    8.243243243    0.452499669    0.447756059    0.551760754
    8.258258258    0.439743884    0.437035843    0.571461537
    8.273273273    0.427292670    0.427362480    0.595340076
    8.288288288    0.415554290    0.418417606    0.627121925
    8.303303303    0.402801533    0.407725855    0.670659216
    8.318318318    0.387737880    0.393177316    0.724255933
    8.333333333    0.371530235    0.375819246    0.778527650
    8.348348348    0.357815287    0.359658082    0.823110550
    8.363363363    0.348492800    0.347302698    0.852081914
    8.378378378    0.341126000    0.337549268    0.863810333
    8.393393393    0.332291878    0.328171523    0.864825282
    8.408408408    0.321523901    0.318646292    0.866453081
    8.423423423    0.310546510    0.309324547    0.874187744
    8.438438438    0.300808482    0.300683832    0.886490786
    8.453453453    0.292876032    0.293339208    0.899441990
    8.468468468    0.286246124    0.287306999    0.907804537
    8.483483483    0.280702692    0.282524253    0.904585300
    8.498498498    0.276937595    0.279487396    0.885719737
    8.513513514    0.274949750    0.277861675    0.854945414
    8.528528529    0.273916169    0.276175726    0.819683751
    8.543543544    0.272948210    0.273271955    0.784378492
    8.558558559    0.271136155    0.269023277    0.751072513
    8.573573574    0.268254261    0.264284763    0.720407236
    8.588588589    0.265183925    0.260310376    0.691378093
    8.603603604    0.263029392    0.258418501    0.664469551
    8.618618619    0.261906732    0.259194366    0.641264113
    8.633633634    0.260539398    0.260949093    0.622026164
    8.648648649    0.257830970    0.261067080    0.607103550
    8.663663664    0.254508783    0.258998853    0.595436116
    8.678678679    0.251989171    0.256217225    0.583173805
    8.693693694    0.250873332    0.254134855    0.568257951
    8.708708709    0.251038881    0.253213790    0.552493028
    8.723723724    0.252081503    0.253468454    0.537223790
    8.738738739    0.253372943    0.254080149    0.522288021
    8.753753754    0.254368421    0.253774281    0.508731656
    8.768768769    0.254874782    0.252260098    0.498061781
    8.783783784    0.254755756    0.250186804    0.489489005
    8.798798799    0.254421924    0.249009656    0.481383815
    8.813813814    0.254642174    0.250150912    0.473662148
    8.828828829    0.255809117    0.253869860    0.467798628
    8.843843844    0.257884493    0.259110673    0.464867856
    8.858858859    0.260626093    0.264310796    0.465151695
    8.873873874    0.264012336    0.268782598    0.469131850
    8.888888889    0.268182154    0.272586214    0.476118165
    8.903903904    0.272887724    0.275618622    0.483026969
    8.918918919    0.277869229    0.278348706    0.487234172
    8.933933934    0.283204859    0.281939386    0.489128026
    8.948948949    0.288709897    0.286727267    0.489888995
    8.963963964    0.293510246    0.291626113    0.489472025
    8.978978979    0.296408048    0.294846027    0.486969184
    8.993993994    0.296611116    0.295256089    0.481629688
    9.009009009    0.294378473    0.293269953    0.473863978
    9.024024024    0.290605532    0.290254528    0.464714948
    9.039039039    0.285960603    0.286778245    0.454546455
    9.054054054    0.281023919    0.282472486    0.443271527
    9.069069069    0.276348651    0.277477237    0.431768009
    9.084084084    0.271564080    0.272297259    0.421269151
    9.099099099    0.265728905    0.267048914    0.411707754
    9.114114114    0.258954565    0.261302985    0.402192754
    9.129129129    0.252379257    0.254545259    0.391840234
    9.144144144    0.247199081    0.247376289    0.380914979
    9.159159159    0.243563847    0.240938337    0.370889614
    9.174174174    0.240087504    0.235732216    0.362811283
    9.189189189    0.235635827    0.231677170    0.356452133
    9.204204204    0.230253636    0.227914249    0.350077959
    9.219219219    0.224271343    0.223389746    0.342335644
    9.234234234    0.218201042    0.218579799    0.334266351
    9.249249249    0.213000059    0.215017065    0.327766708
    9.264264264    0.209334268    0.212893940    0.323244901
    9.279279279    0.206617380    0.210650084    0.319268825
    9.294294294    0.204348961    0.207728042    0.314964966
    9.309309309    0.202888329    0.205346045    0.310405182
    9.324324324    0.202867696    0.204627151    0.305674554
    9.339339339    0.204730273    0.205365220    0.300562540
    9.354354354    0.208132559    0.206517369    0.294648662
    9.369369369    0.211752990    0.207313353    0.288028777
    9.384384384    0.213511023    0.207199797    0.281151915
    9.399399399    0.212310369    0.206129752    0.274226143
    9.414414414    0.209473506    0.205227867    0.267102833
    9.429429429    0.207184851    0.205756816    0.259834784
    9.444444444    0.206454297    0.207920306    0.252768703
    9.459459459    0.207096117    0.211190879    0.246049536
    9.474474474    0.208779957    0.214696251    0.239861823
    9.489489489    0.211017287    0.217225942    0.234327486
    9.504504505    0.213211174    0.218238940    0.229236052
    9.519519520    0.215544072    0.218700975    0.224398854
    9.534534535    0.218952246    0.220108418    0.220003982
    9.549549550    0.223870324    0.223068067    0.216411226
    9.564564565    0.230007879    0.227559210    0.213834549
    9.579579580    0.236704097    0.232980605    0.211694042
    9.594594595    0.242878490    0.238253485    0.209227676
    9.609609610    0.247129310    0.242400758    0.206760773
    9.624624625    0.248686706    0.244806659    0.205092806
    9.639639640    0.248466426    0.246051696    0.204461386
    9.654654655    0.247618985    0.246919886    0.204157434
    9.669669670    0.246057018    0.246983252    0.203294993
    9.684684685    0.243188950    0.245381137    0.201607258
    9.699699700    0.239082247    0.242066781    0.199034083
    9.714714715    0.234514617    0.237911770    0.195658364
    9.729729730    0.229926084    0.233498463    0.191909219
    9.744744745    0.225154233    0.228581968    0.188469395
    9.759759760    0.220394227    0.223392348    0.185639821
    9.774774775    0.216399557    0.219091667    0.183273513
    9.789789790    0.213944578    0.216487812    0.181285038
    9.804804805    0.213309393    0.215352055    0.179100539
    9.819819820    0.213841213    0.214721370    0.175780099
    9.834834835    0.214668387    0.213979678    0.171243293
    9.849849850    0.215363780    0.213183024    0.166109672
    9.864864865    0.215501412    0.212128294    0.160732920
    9.879879880    0.214368939    0.210246543    0.155158868
    9.894894895    0.211471148    0.207332135    0.149170420
    9.909909910    0.207332839    0.204001353    0.142455575
    9.924924925    0.203130897    0.201276800    0.135242823
    9.939939940    0.199872473    0.199888422    0.128350172
    9.954954955    0.197770102    0.199646914    0.122369425
    9.969969970    0.196199904    0.199441129    0.117266764
    9.984984985    0.194615094    0.198321950    0.113059988
   10.000000000    0.192996550    0.196213641    0.109997651
   10.015015015    0.191051914    0.193488173    0.107973667
   10.030030030    0.188240928    0.190493240    0.106563528
   10.045045045    0.184837864    0.187440930    0.105455033
   10.060060060    0.181796818    0.184528723    0.104722310
   10.075075075    0.179770106    0.181995952    0.104638063
   10.090090090    0.178871435    0.179931624    0.105154573
   10.105105105    0.178756421    0.178310992    0.105750820
   10.120120120    0.179025343    0.177156690    0.105954440
   10.135135135    0.179694240    0.176612977    0.105787844
   10.150150150    0.180836211    0.176626118    0.105535177
   10.165165165    0.181876744    0.176719103    0.105298830
   10.180180180    0.181791357    0.176493096    0.105255288
   10.195195195    0.180441777    0.176481816    0.105873575
   10.210210210    0.178978486    0.177424891    0.107587438
   10.225225225    0.178268766    0.178829059    0.110278276
   10.240240240    0.178084554    0.179665727    0.113204047
   10.255255255    0.178242124    0.180144817    0.115859966
   10.270270270    0.179314143    0.181578352    0.118768797
   10.285285285    0.182181327    0.184991437    0.122929051
   10.300300300    0.187803249    0.190975747    0.129006140
   10.315315315    0.196145310    0.199214426    0.137057339
   10.330330330    0.205197327    0.207816566    0.146408435
   10.345345345    0.212396678    0.214483164    0.155646824
   10.360360360    0.215950480    0.217582857    0.162376094
   10.375375375    0.214839514    0.215981672    0.164349742
   10.390390390    0.209677119    0.210128822    0.161598800
   10.405405405    0.202553680    0.202198182    0.155791296
   10.420420420    0.194589606    0.193271905    0.148193025
   10.435435435    0.185802468    0.183427402    0.139609992
   10.450450450    0.176947065    0.173646924    0.131296467
   10.465465465    0.169094500    0.165213423    0.124395999
   10.480480480    0.162314271    0.158441620    0.118979282
   10.495495495    0.155872284    0.152662090    0.114577164
   10.510510511    0.149435503    0.147411650    0.110823760
   10.525525526    0.143284422    0.142906089    0.107048362
   10.540540541    0.137572160    0.138868043    0.102201836
   10.555555556    0.132472379    0.134622814    0.096020951
   10.570570571    0.128320813    0.130328368    0.089547968
   10.585585586    0.124960655    0.126474006    0.083828982
   10.600600601    0.121902676    0.122984900    0.079046570
   10.615615616    0.119001649    0.119691883    0.074938058
   10.630630631    0.116103254    0.116616559    0.071375432
   10.645645646    0.112893059    0.113775193    0.068355746
   10.660660661    0.109606617    0.111251363    0.065833631
   10.675675676    0.106967662    0.109281183    0.063784039
   10.690690691    0.105243947    0.107768321    0.062217618
   10.705705706    0.104336404    0.106467498    0.061025843
   10.720720721    0.104250011    0.105304171    0.059870898
   10.735735736    0.104811073    0.104250542    0.058477161
   10.750750751    0.105615917    0.103474794    0.057051078
   10.765765766    0.106374410    0.103202595    0.056027457
   10.780780781    0.106864597    0.103307887    0.055590085
   10.795795796    0.106781592    0.103429498    0.055722552
   10.810810811    0.105873544    0.103273426    0.056247878
   10.825825826    0.103996194    0.102522017    0.056750143
   10.840840841    0.101221027    0.100947757    0.056898429
   10.855855856    0.098199774    0.098897566    0.056707714
   10.870870871    0.095661530    0.097006260    0.056321311
   10.885885886    0.093743526    0.095477570    0.055782668
   10.900900901    0.092360979    0.094259806    0.054923009
   10.915915916    0.091410184    0.093308439    0.053568460
   10.930930931    0.090519361    0.092289008    0.051872717
   10.945945946    0.089235880    0.090693303    0.050160012
   10.960960961    0.087708230    0.088575488    0.048616154
   10.975975976    0.086485002    0.086577748    0.047201279
   10.990990991    0.085666209    0.085137596    0.045764646
   11.006006006    0.084936200    0.084180462    0.044327332
   11.021021021    0.084174738    0.083585540    0.043159120
   11.036036036    0.083689982    0.083548664    0.042485867
   11.051051051    0.083589193    0.083986150    0.042256035
   11.066066066    0.083379789    0.084028770    0.042143474
   11.081081081    0.082617395    0.082924385    0.041784406
   11.096096096    0.081460755    0.081020752    0.041215034
   11.111111111    0.080467009    0.079405822    0.040785802
   11.126126126    0.080014578    0.078818361    0.040673276
   11.141141141    0.080233243    0.079348052    0.040801630
   11.156156156    0.081081821    0.080647994    0.041132358
   11.171171171    0.082337357    0.082218306    0.041723023
   11.186186186    0.083785671    0.083837785    0.042532214
   11.201201201    0.085235584    0.085432549    0.043411328
   11.216216216    0.086466535    0.086788751    0.044217572
   11.231231231    0.087029340    0.087393268    0.044784517
   11.246246246    0.086537770    0.086924400    0.045003299
   11.261261261    0.085105074    0.085603227    0.044951901
   11.276276276    0.083249208    0.083875675    0.044808458
   11.291291291    0.081584281    0.082251811    0.044657759
   11.306306306    0.080275282    0.080904162    0.044452252
   11.321321321    0.079079766    0.079593637    0.044149108
   11.336336336    0.077791239    0.078010964    0.043661354
   11.351351351    0.076206165    0.076079063    0.042835187
   11.366366366    0.074153185    0.073818881    0.041604794
   11.381381381    0.071598669    0.071145802    0.040037912
   11.396396396    0.068741934    0.068253024    0.038309523
   11.411411411    0.065991524    0.065586668    0.036555533
   11.426426426    0.063567425    0.063253493    0.034795103
   11.441441441    0.061372254    0.061107860    0.033091841
   11.456456456    0.058983117    0.058911858    0.031548730
   11.471471471    0.056088368    0.056395464    0.030220418
   11.486486486    0.052980313    0.053540834    0.029080503
   11.501501502    0.050235360    0.050685630    0.028085879
   11.516516517    0.048201852    0.048335833    0.027278552
   11.531531532    0.046798642    0.046726614    0.026692089
   11.546546547    0.045742053    0.045698329    0.026279855
   11.561561562    0.044924008    0.045019842    0.025990025
   11.576576577    0.044390175    0.044550806    0.025805509
   11.591591592    0.044099779    0.044160557    0.025704987
   11.606606607    0.043865714    0.043689624    0.025676685
   11.621621622    0.043475545    0.043055864    0.025698539
   11.636636637    0.042863023    0.042349051    0.025621634
   11.651651652    0.042057023    0.041629886    0.025266076
   11.666666667    0.040917639    0.040659958    0.024609866
   11.681681682    0.039180535    0.039144990    0.023734043
   11.696696697    0.036885629    0.037128029    0.022694254
   11.711711712    0.034262260    0.034769393    0.021521169
   11.726726727    0.031553501    0.032191480    0.020350594
   11.741741742    0.028964433    0.029503681    0.019367152
   11.756756757    0.026645975    0.026911026    0.018633675
   11.771771772    0.024764474    0.024705276    0.018078073
   11.786786787    0.023350764    0.023023094    0.017592877
   11.801801802    0.022193453    0.021733110    0.017111238
   11.816816817    0.021007150    0.020565351    0.016629236
   11.831831832    0.019745249    0.019402068    0.016197998
   11.846846847    0.018569744    0.018313754    0.015849104
   11.861861862    0.017570655    0.017372346    0.015529410
   11.876876877    0.016715986    0.016590831    0.015151898
   11.891891892    0.015952541    0.015939050    0.014665518
   11.906906907    0.015234088    0.015333484    0.014063940
   11.921921922    0.014522881    0.014682216    0.013367092
   11.936936937    0.013805997    0.013958023    0.012635732
   11.951951952    0.013102646    0.013218682    0.011965117
   11.966966967    0.012483494    0.012580753    0.011425441
   11.981981982    0.012001630    0.012109204    0.011026349
   11.996996997    0.011625085    0.011755615    0.010721306
   12.012012012    0.011301343    0.011428952    0.010452389
   12.027027027    0.011016951    0.011094807    0.010203763
   12.042042042    0.010790764    0.010805112    0.010001847
   12.057057057    0.010646180    0.010623485    0.009865703
   12.072072072    0.010592877    0.010567608    0.009779206
   12.087087087    0.010645087    0.010630966    0.009700416
   12.102102102    0.010827295    0.010814710    0.009599282
   12.117117117    0.011146860    0.011120418    0.009489120
   12.132132132    0.011548305    0.011506447    0.009398910
   12.147147147    0.011940157    0.011895410    0.009343611
   12.162162162    0.012257461    0.012223587    0.009317464
   12.177177177    0.012467473    0.012452307    0.009299099
   12.192192192    0.012595986    0.012595543    0.009279373
   12.207207207    0.012701497    0.012707507    0.009269737
   12.222222222    0.012794504    0.012805627    0.009290032
   12.237237237    0.012859473    0.012874296    0.009364911
   12.252252252    0.012940617    0.012947904    0.009502980
   12.267267267    0.013078812    0.013065905    0.009672109
   12.282282282    0.013263251    0.013235767    0.009831536
   12.297297297    0.013456186    0.013445449    0.009994467
   12.312312312    0.013600992    0.013638928    0.010211591
   12.327327327    0.013695017    0.013772624    0.010521977
   12.342342342    0.013822469    0.013881843    0.010952110
   12.357357357    0.014064813    0.014055484    0.011530493
   12.372372372    0.014458639    0.014386495    0.012299230
   12.387387387    0.014988827    0.014902090    0.013332822
   12.402402402    0.015602156    0.015568819    0.014749533
   12.417417417    0.016299339    0.016356299    0.016709908
   12.432432432    0.017137247    0.017255809    0.019350168
   12.447447447    0.018158357    0.018277290    0.022591735
   12.462462462    0.019312217    0.019354213    0.025917671
   12.477477477    0.020450140    0.020360666    0.028604711
   12.492492492    0.021418401    0.021253140    0.030368495
   12.507507508    0.022157555    0.022034178    0.031316138
   12.522522523    0.022694594    0.022660992    0.031521939
   12.537537538    0.023111301    0.023150761    0.031218981
   12.552552553    0.023468404    0.023567232    0.030783609
   12.567567568    0.023784456    0.023934039    0.030443463
   12.582582583    0.024150340    0.024320658    0.030347654
   12.597597598    0.024564355    0.024695370    0.030302676
   12.612612613    0.024911390    0.024896520    0.029857411
   12.627627628    0.025171663    0.024929078    0.029059821
   12.642642643    0.025394462    0.024975883    0.028338272
   12.657657658    0.025596368    0.025192497    0.027827669
   12.672672673    0.025790245    0.025640056    0.027461009
   12.687687688    0.026077690    0.026302402    0.027358936
   12.702702703    0.026526354    0.027025852    0.027548162
   12.717717718    0.027042045    0.027566575    0.027643521
   12.732732733    0.027431091    0.027759126    0.027248515
   12.747747748    0.027636971    0.027702071    0.026545021
   12.762762763    0.027855094    0.027687963    0.026002028
   12.777777778    0.028247945    0.027889138    0.025776863
   12.792792793    0.028797258    0.028334297    0.025796009
   12.807807808    0.029429399    0.028993144    0.026018094
   12.822822823    0.030043813    0.029768837    0.026337453
   12.837837838    0.030603003    0.030593655    0.026539120
   12.852852853    0.031157298    0.031464803    0.026532674
   12.867867868    0.031714438    0.032285179    0.026432105
   12.882882883    0.032295036    0.032935421    0.026428455
   12.897897898    0.033029399    0.033472401    0.026609165
   12.912912913    0.033862067    0.033925012    0.026777873
   12.927927928    0.034369974    0.034045086    0.026472609
   12.942942943    0.034193428    0.033568946    0.025386671
   12.957957958    0.033389784    0.032665494    0.023755468
   12.972972973    0.032283585    0.031790015    0.022096637
   12.987987988    0.031249754    0.031219368    0.020723201
   13.003003003    0.030573679    0.030970796    0.019693472
   13.018018018    0.030289648    0.030880223    0.018961144
   13.033033033    0.030116250    0.030632388    0.018424524
   13.048048048    0.029673908    0.029954361    0.017962236
   13.063063063    0.028980316    0.029010357    0.017552582
   13.078078078    0.028355804    0.028178930    0.017253500
   13.093093093    0.027929337    0.027610495    0.017076736
   13.108108108    0.027611777    0.027264876    0.016996853
   13.123123123    0.027276388    0.027067817    0.016995435
   13.138138138    0.026991378    0.027011203    0.017053221
   13.153153153    0.026959541    0.027096416    0.017094559
   13.168168168    0.027193182    0.027256921    0.016997317
   13.183183183    0.027418983    0.027358072    0.016689267
   13.198198198    0.027312600    0.027247740    0.016216794
   13.213213213    0.026826555    0.026855555    0.015692699
   13.228228228    0.026265438    0.026381613    0.015224516
   13.243243243    0.025949566    0.026145456    0.014877210
   13.258258258    0.025907478    0.026131542    0.014628610
   13.273273273    0.026090394    0.026211171    0.014433207
   13.288288288    0.026484727    0.026451557    0.014304132
   13.303303303    0.027022948    0.026904971    0.014292716
   13.318318318    0.027642768    0.027502720    0.014419855
   13.333333333    0.028216108    0.028059132    0.014612969
   13.348348348    0.028563624    0.028393760    0.014769729
   13.363363363    0.028642936    0.028454884    0.014870383
   13.378378378    0.028540918    0.028331720    0.014951521
   13.393393393    0.028334390    0.028197552    0.015028929
   13.408408408    0.028058998    0.028143305    0.015130346
   13.423423423    0.027711736    0.028088813    0.015277143
   13.438438438    0.027409319    0.027993379    0.015431665
   13.453453453    0.027340341    0.027910995    0.015567344
   13.468468468    0.027578580    0.027868885    0.015737979
   13.483483483    0.028061698    0.027893615    0.015995902
   13.498498498    0.028501379    0.027931126    0.016311422
   13.513513514    0.028540185    0.027823142    0.016618079
   13.528528529    0.028197053    0.027630961    0.016894465
   13.543543544    0.027769239    0.027530488    0.017119033
   13.558558559    0.027490133    0.027548856    0.017263329
   13.573573574    0.027422100    0.027670839    0.017395837
   13.588588589    0.027406323    0.027798087    0.017590061
   13.603603604    0.027267876    0.027791298    0.017808326
   13.618618619    0.027208831    0.027794968    0.018007001
   13.633633634    0.027606454    0.028087753    0.018189719
   13.648648649    0.028625395    0.028777136    0.018408340
   13.663663664    0.030200581    0.029865031    0.018734817
   13.678678679    0.032054550    0.031299236    0.019133993
   13.693693694    0.033770116    0.032884180    0.019472157
   13.708708709    0.034987253    0.034319992    0.019650109
   13.723723724    0.035554557    0.035336408    0.019670652
   13.738738739    0.035566117    0.035823787    0.019609044
   13.753753754    0.035136713    0.035749182    0.019477469
   13.768768769    0.034315349    0.035076141    0.019250922
   13.783783784    0.033296036    0.033971899    0.018995178
   13.798798799    0.032505776    0.032919434    0.018850873
   13.813813814    0.032217744    0.032270996    0.018934843
   13.828828829    0.032262873    0.031927454    0.019271707
   13.843843844    0.032151916    0.031527978    0.019718656
   13.858858859    0.031465581    0.030789975    0.020060932
   13.873873874    0.030336772    0.029857784    0.020249530
   13.888888889    0.029209141    0.029072288    0.020379939
   13.903903904    0.028364036    0.028546221    0.020525660
   13.918918919    0.027847448    0.028184900    0.020685837
   13.933933934    0.027545372    0.027880476    0.020827636
   13.948948949    0.027377875    0.027656240    0.020979972
   13.963963964    0.027380383    0.027611192    0.021202757
   13.978978979    0.027570035    0.027736966    0.021531002
   13.993993994    0.027820206    0.027846937    0.021965462
   14.009009009    0.027922650    0.027737269    0.022418824
   14.024024024    0.027740729    0.027395126    0.022775964
   14.039039039    0.027387693    0.027062561    0.023086174
   14.054054054    0.027151347    0.027026150    0.023505261
   14.069069069    0.027204524    0.027302406    0.024063003
   14.084084084    0.027488911    0.027674153    0.024664955
   14.099099099    0.027843566    0.027985418    0.025243393
   14.114114114    0.028253123    0.028331547    0.025840500
   14.129129129    0.028862102    0.028888792    0.026518615
   14.144144144    0.029645253    0.029604001    0.027292091
   14.159159159    0.030343787    0.030264322    0.028127158
   14.174174174    0.030821375    0.030765730    0.028956801
   14.189189189    0.031217439    0.031201024    0.029775425
   14.204204204    0.031602526    0.031613172    0.030461509
   14.219219219    0.031847546    0.031862067    0.030665593
   14.234234234    0.031893803    0.031878849    0.030295515
   14.249249249    0.031725410    0.031683637    0.029543695
   14.264264264    0.031260428    0.031248798    0.028485577
   14.279279279    0.030541426    0.030625992    0.027145428
   14.294294294    0.029748202    0.029906089    0.025613222
   14.309309309    0.028937392    0.029040548    0.023997971
   14.324324324    0.028059156    0.028013704    0.022369670
   14.339339339    0.027174173    0.027025301    0.020802681
   14.354354354    0.026481695    0.026357859    0.019498768
   14.369369369    0.026117388    0.026097589    0.018628848
   14.384384384    0.026088780    0.026142498    0.018130990
   14.399399399    0.026339540    0.026397429    0.017817904
   14.414414414    0.026708804    0.026747714    0.017601479
   14.429429429    0.027089233    0.027102762    0.017506326
   14.444444444    0.027542700    0.027513046    0.017522511
   14.459459459    0.027996405    0.027921635    0.017517976
   14.474474474    0.028194051    0.028115674    0.017383942
   14.489489489    0.028091702    0.028050614    0.017247201
   14.504504505    0.027813201    0.027812155    0.017251234
   14.519519520    0.027365215    0.027411048    0.017353147
   14.534534535    0.026792899    0.026893735    0.017473328
   14.549549550    0.026272902    0.026413840    0.017648334
   14.564564565    0.025935380    0.026050539    0.017998001
   14.579579580    0.025772575    0.025754304    0.018562509
   14.594594595    0.025639012    0.025486231    0.019141007
   14.609609610    0.025417613    0.025266298    0.019432211
   14.624624625    0.025148077    0.025125443    0.019446146
   14.639639640    0.024910623    0.025022387    0.019425206
   14.654654655    0.024730082    0.024857928    0.019490528
   14.669669670    0.024582107    0.024613002    0.019561303
   14.684684685    0.024418445    0.024347582    0.019538442
   14.699699700    0.024261359    0.024171139    0.019513168
   14.714714715    0.024192484    0.024187602    0.019651762
   14.729729730    0.024183153    0.024271371    0.019908597
   14.744744745    0.024101004    0.024149211    0.020004721
   14.759759760    0.023935232    0.023844162    0.019808200
   14.774774775    0.023826036    0.023646704    0.019559006
   14.789789790    0.023842662    0.023694966    0.019519202
   14.804804805    0.023919222    0.023894721    0.019670124
   14.819819820    0.023965785    0.024094986    0.019808948
   14.834834835    0.023932554    0.024174999    0.019817211
   14.849849850    0.023851809    0.024113931    0.019783590
   14.864864865    0.023853387    0.024039092    0.019867098
   14.879879880    0.024006687    0.024028156    0.020037268
   14.894894895    0.024241456    0.024057618    0.020132743
   14.909909910    0.024432459    0.024111935    0.020146187
   14.924924925    0.024411293    0.024104570    0.020135320
   14.939939940    0.024085958    0.023957563    0.020110377
   14.954954955    0.023625357    0.023753982    0.020096819
   14.969969970    0.023289410    0.023606616    0.020092011
   14.984984985    0.023125735    0.023483145    0.020062220
   15.000000000    0.023061390    0.023316215    0.020025244
