# energy grid [eV]     epsr_x  epsr_y  epsr_z
#
    0.000000000    3.342479751    3.342492117    2.106748968
    0.015015015    3.342532370    3.342544737    2.106760469
    0.030030030    3.342690248    3.342702614    2.106794975
    0.045045045    3.342953438    3.342965805    2.106852494
    0.060060060    3.343322033    3.343334400    2.106933036
    0.075075075    3.343796160    3.343808527    2.107036618
    0.090090090    3.344375985    3.344388353    2.107163261
    0.105105105    3.345061710    3.345074078    2.107312990
    0.120120120    3.345853574    3.345865942    2.107485836
    0.135135135    3.346751855    3.346764223    2.107681834
    0.150150150    3.347756866    3.347769235    2.107901025
    0.165165165    3.348868961    3.348881330    2.108143451
    0.180180180    3.350088531    3.350100901    2.108409164
    0.195195195    3.351416006    3.351428377    2.108698217
    0.210210210    3.352851856    3.352864228    2.109010670
    0.225225225    3.354396590    3.354408963    2.109346587
    0.240240240    3.356050758    3.356063132    2.109706036
    0.255255255    3.357814951    3.357827325    2.110089094
    0.270270270    3.359689800    3.359702176    2.110495838
    0.285285285    3.361675981    3.361688358    2.110926354
    0.300300300    3.363774212    3.363786589    2.111380731
    0.315315315    3.365985253    3.365997631    2.111859065
    0.330330330    3.368309910    3.368322290    2.112361456
    0.345345345    3.370749036    3.370761417    2.112888010
    0.360360360    3.373303528    3.373315911    2.113438840
    0.375375375    3.375974332    3.375986716    2.114014062
    0.390390390    3.378762442    3.378774828    2.114613799
    0.405405405    3.381668902    3.381681289    2.115238182
    0.420420420    3.384694807    3.384707195    2.115887344
    0.435435435    3.387841303    3.387853693    2.116561428
    0.450450450    3.391109591    3.391121983    2.117260580
    0.465465465    3.394500928    3.394513322    2.117984954
    0.480480480    3.398016624    3.398029020    2.118734710
    0.495495495    3.401658050    3.401670448    2.119510017
    0.510510511    3.405426636    3.405439036    2.120311047
    0.525525526    3.409323874    3.409336276    2.121137981
    0.540540541    3.413351318    3.413363722    2.121991007
    0.555555556    3.417510590    3.417522995    2.122870320
    0.570570571    3.421803376    3.421815784    2.123776124
    0.585585586    3.426231436    3.426243846    2.124708628
    0.600600601    3.430796598    3.430809010    2.125668051
    0.615615616    3.435500768    3.435513183    2.126654620
    0.630630631    3.440345928    3.440358345    2.127668569
    0.645645646    3.445334138    3.445346558    2.128710143
    0.660660661    3.450467545    3.450479967    2.129779593
    0.675675676    3.455748378    3.455760803    2.130877181
    0.690690691    3.461178958    3.461191385    2.132003179
    0.705705706    3.466761697    3.466774127    2.133157866
    0.720720721    3.472499104    3.472511537    2.134341535
    0.735735736    3.478393789    3.478406225    2.135554485
    0.750750751    3.484448465    3.484460903    2.136797029
    0.765765766    3.490665954    3.490678395    2.138069489
    0.780780781    3.497049191    3.497061635    2.139372201
    0.795795796    3.503601229    3.503613677    2.140705511
    0.810810811    3.510325246    3.510337696    2.142069777
    0.825825826    3.517224546    3.517237000    2.143465370
    0.840840841    3.524302569    3.524315026    2.144892676
    0.855855856    3.531562894    3.531575355    2.146352092
    0.870870871    3.539009251    3.539021715    2.147844032
    0.885885886    3.546645520    3.546657987    2.149368923
    0.900900901    3.554475744    3.554488215    2.150927208
    0.915915916    3.562504137    3.562516612    2.152519345
    0.930930931    3.570735088    3.570747567    2.154145812
    0.945945946    3.579173176    3.579185658    2.155807101
    0.960960961    3.587823175    3.587835661    2.157503723
    0.975975976    3.596690065    3.596702555    2.159236210
    0.990990991    3.605779046    3.605791540    2.161005110
    1.006006006    3.615095545    3.615108043    2.162810997
    1.021021021    3.624645234    3.624657737    2.164654461
    1.036036036    3.634434039    3.634446546    2.166536120
    1.051051051    3.644468156    3.644480667    2.168456611
    1.066066066    3.654754068    3.654766584    2.170416600
    1.081081081    3.665298560    3.665311080    2.172416776
    1.096096096    3.676108737    3.676121262    2.174457858
    1.111111111    3.687192046    3.687204576    2.176540592
    1.126126126    3.698556294    3.698568829    2.178665755
    1.141141141    3.710209672    3.710222212    2.180834156
    1.156156156    3.722160782    3.722173328    2.183046639
    1.171171171    3.734418659    3.734431210    2.185304081
    1.186186186    3.746992804    3.747005361    2.187607397
    1.201201201    3.759893214    3.759905776    2.189957544
    1.216216216    3.773130415    3.773142984    2.192355518
    1.231231231    3.786715504    3.786728080    2.194802361
    1.246246246    3.800660185    3.800672767    2.197299161
    1.261261261    3.814976816    3.814989406    2.199847055
    1.276276276    3.829678458    3.829691056    2.202447235
    1.291291291    3.844778930    3.844791535    2.205100948
    1.306306306    3.860292864    3.860305478    2.207809500
    1.321321321    3.876235777    3.876248401    2.210574261
    1.336336336    3.892624138    3.892636771    2.213396669
    1.351351351    3.909475449    3.909488093    2.216278235
    1.366366366    3.926808335    3.926820991    2.219220546
    1.381381381    3.944642642    3.944655311    2.222225273
    1.396396396    3.962999546    3.963012231    2.225294175
    1.411411411    3.981901678    3.981914379    2.228429106
    1.426426426    4.001373258    4.001385979    2.231632023
    1.441441441    4.021440255    4.021452997    2.234904993
    1.456456456    4.042130555    4.042143321    2.238250202
    1.471471471    4.063474164    4.063486958    2.241669964
    1.486486486    4.085503426    4.085516253    2.245166731
    1.501501502    4.108253282    4.108266149    2.248743107
    1.516516517    4.131761559    4.131774472    2.252401856
    1.531531532    4.156069301    4.156082269    2.256145923
    1.546546547    4.181221154    4.181234188    2.259978444
    1.561561562    4.207265809    4.207278922    2.263902767
    1.576576577    4.234256513    4.234269722    2.267922469
    1.591591592    4.262251669    4.262264997    2.272041382
    1.606606607    4.291315539    4.291329014    2.276263616
    1.621621622    4.321519063    4.321532720    2.280593586
    1.636636637    4.352940840    4.352954723    2.285036048
    1.651651652    4.385668279    4.385682446    2.289596131
    1.666666667    4.419798989    4.419813513    2.294279383
    1.681681682    4.455442434    4.455457410    2.299091814
    1.696696697    4.492721938    4.492737485    2.304039956
    1.711711712    4.531777110    4.531793378    2.309130922
    1.726726727    4.572766788    4.572783967    2.314372480
    1.741741742    4.615872634    4.615890948    2.319773141
    1.756756757    4.661303488    4.661323193    2.325342257
    1.771771772    4.709300644    4.709321987    2.331090135
    1.786786787    4.760144109    4.760167235    2.337028179
    1.801801802    4.814159803    4.814184514    2.343169050
    1.816816817    4.871727191    4.871752379    2.349526858
    1.831831832    4.933285828    4.933308179    2.356117391
    1.846846847    4.999336793    4.999347757    2.362958377
    1.861861862    5.070428981    5.070407711    2.370069788
    1.876876877    5.147105939    5.147002588    2.377474167
    1.891891892    5.229754741    5.229450814    2.385196934
    1.906906907    5.318219117    5.317435456    2.393266535
    1.921921922    5.410875303    5.408978873    2.401714135
    1.936936937    5.502662654    5.498395488    2.410572240
    1.951951952    5.582047411    5.573869603    2.419871814
    1.966966967    5.630943577    5.620699758    2.429640798
    1.981981982    5.638513924    5.638835588    2.439914611
    1.996996997    5.622227220    5.650383231    2.450752122
    2.012012012    5.617164668    5.668984613    2.462219943
    2.027027027    5.641839814    5.688119817    2.474408831
    2.042042042    5.686431793    5.700572375    2.487473548
    2.057057057    5.737163186    5.707112552    2.501494756
    2.072072072    5.795593950    5.719685785    2.516329460
    2.087087087    5.856308549    5.750432613    2.531642640
    2.102102102    5.897993938    5.802090097    2.547091590
    2.117117117    5.907296306    5.869866983    2.562265692
    2.132132132    5.893023019    5.941023432    2.575910831
    2.147147147    5.874674885    5.992667467    2.586026856
    2.162162162    5.850516242    5.993885529    2.591589223
    2.177177177    5.799176186    5.916027259    2.593331376
    2.192192192    5.706438192    5.755346884    2.592614090
    2.207207207    5.589590490    5.565421409    2.591416499
    2.222222222    5.492902923    5.418364054    2.592021206
    2.237237237    5.437412760    5.332703354    2.594923258
    2.252252252    5.398337968    5.282074634    2.598409380
    2.267267267    5.339628423    5.240234805    2.599813162
    2.282282282    5.253081878    5.201667586    2.598508515
    2.297297297    5.157007534    5.170791396    2.595967116
    2.312312312    5.084766700    5.158266962    2.594003496
    2.327327327    5.064644065    5.175212601    2.594348615
    2.342342342    5.071197575    5.192473100    2.595841352
    2.357357357    5.057243322    5.155388178    2.595753664
    2.372372372    5.024233094    5.061236792    2.594636551
    2.387387387    4.999863695    4.962368050    2.593606421
    2.402402402    4.992655805    4.899412945    2.592235370
    2.417417417    5.002988810    4.885796393    2.591753177
    2.432432432    5.024032027    4.914914199    2.593210684
    2.447447447    5.039796753    4.970990827    2.593976189
    2.462462462    5.051092717    5.047736523    2.591443981
    2.477477477    5.069889677    5.132644146    2.587010883
    2.492492492    5.094133387    5.201141077    2.582955630
    2.507507508    5.135125958    5.247965448    2.580577901
    2.522522523    5.200028784    5.272225330    2.579526012
    2.537537538    5.263689422    5.264992397    2.578401348
    2.552552553    5.305707325    5.245790295    2.574595858
    2.567567568    5.336554007    5.258201113    2.564927047
    2.582582583    5.386464119    5.325077543    2.548628921
    2.597597598    5.473934466    5.434828353    2.524938974
    2.612612613    5.586179354    5.564343124    2.493829792
    2.627627628    5.700873228    5.702341075    2.455423050
    2.642642643    5.811094204    5.844784901    2.408671144
    2.657657658    5.922029010    5.982701668    2.355602746
    2.672672673    6.032296007    6.099294805    2.302840153
    2.687687688    6.108512458    6.156896521    2.256583088
    2.702702703    6.086618833    6.094493023    2.215977322
    2.717717718    5.879808265    5.848831432    2.176366539
    2.732732733    5.415469761    5.390625525    2.137840128
    2.747747748    4.764038881    4.795799484    2.106801566
    2.762762763    4.151219695    4.206156352    2.090438334
    2.777777778    3.735814666    3.709580749    2.091879752
    2.792792793    3.486210090    3.334505644    2.107903516
    2.807807808    3.272861089    3.061811886    2.130495358
    2.822822823    2.976177585    2.822290984    2.153892613
    2.837837838    2.589309396    2.583354186    2.177470206
    2.852852853    2.254039702    2.405013846    2.201918030
    2.867867868    2.079675263    2.320104146    2.226670692
    2.882882883    2.038775176    2.269585964    2.250603509
    2.897897898    2.062262101    2.200663181    2.273179916
    2.912912913    2.108353125    2.126842639    2.294667985
    2.927927928    2.172816335    2.102029153    2.315709501
    2.942942943    2.244717806    2.130487708    2.336432733
    2.957957958    2.291342034    2.155682888    2.355121169
    2.972972973    2.286445990    2.138415560    2.369980935
    2.987987988    2.222046118    2.095869681    2.382615264
    3.003003003    2.123788296    2.064804677    2.395841835
    3.018018018    2.043047305    2.063897747    2.410856832
    3.033033033    2.014963719    2.089016329    2.427317820
    3.048048048    2.034125572    2.122596933    2.443753205
    3.063063063    2.080022628    2.160330678    2.459696467
    3.078078078    2.141715738    2.209748714    2.476281678
    3.093093093    2.213188751    2.271310032    2.494211184
    3.108108108    2.294295726    2.344901143    2.512146742
    3.123123123    2.378703475    2.411245137    2.527134115
    3.138138138    2.449011782    2.441775933    2.538148965
    3.153153153    2.505725079    2.449431838    2.547759441
    3.168168168    2.566545576    2.479978987    2.559170919
    3.183183183    2.639169194    2.558377240    2.573367295
    3.198198198    2.726318789    2.677085190    2.589313145
    3.213213213    2.821989877    2.805223988    2.605807879
    3.228228228    2.911510775    2.915629381    2.622998299
    3.243243243    2.993214572    3.003542994    2.640547108
    3.258258258    3.084595733    3.088790049    2.656131133
    3.273273273    3.195706102    3.197976815    2.667499506
    3.288288288    3.325109251    3.343796854    2.676217787
    3.303303303    3.477139004    3.523672089    2.685545258
    3.318318318    3.630316867    3.694572052    2.695080556
    3.333333333    3.720669093    3.774995393    2.701806418
    3.348348348    3.683422676    3.694617689    2.703711832
    3.363363363    3.479325359    3.438129782    2.702770661
    3.378378378    3.124287230    3.064059747    2.704917577
    3.393393393    2.705974508    2.668955281    2.714215731
    3.408408408    2.318943729    2.318698813    2.730267488
    3.423423423    2.005822432    2.028205098    2.750281353
    3.438438438    1.761475191    1.778371907    2.771300341
    3.453453453    1.553945912    1.550026885    2.790358018
    3.468468468    1.353189058    1.345306557    2.803454994
    3.483483483    1.172060097    1.178704857    2.808856084
    3.498498498    1.036542775    1.044855988    2.808751240
    3.513513514    0.933655573    0.922129303    2.807568681
    3.528528529    0.822146316    0.798489093    2.808364163
    3.543543544    0.683674593    0.669307615    2.809350549
    3.558558559    0.532387827    0.533615732    2.808232279
    3.573573574    0.382811319    0.396556957    2.805867182
    3.588588589    0.242176795    0.264798699    2.805063186
    3.603603604    0.116115397    0.142083596    2.808354747
    3.618618619   -0.003496168    0.010913133    2.815075034
    3.633633634   -0.140012519   -0.156143794    2.821643512
    3.648648649   -0.292599231   -0.338249038    2.825493297
    3.663663664   -0.437611037   -0.487484184    2.827712657
    3.678678679   -0.565329168   -0.587326942    2.832268733
    3.693693694   -0.675193523   -0.655301068    2.841688918
    3.708708709   -0.759713192   -0.710920751    2.854913696
    3.723723724   -0.798485536   -0.739576333    2.870167937
    3.738738739   -0.780003438   -0.723240827    2.887617941
    3.753753754   -0.722681528   -0.683626375    2.906933443
    3.768768769   -0.658327663   -0.655833302    2.924603458
    3.783783784   -0.607415451   -0.648578774    2.938173971
    3.798798799   -0.561722850   -0.633446854    2.950825066
    3.813813814   -0.511911700   -0.587086939    2.967246505
    3.828828829   -0.468762830   -0.526237696    2.988662275
    3.843843844   -0.442766259   -0.479064634    3.013616703
    3.858858859   -0.436267500   -0.449261271    3.039543071
    3.873873874   -0.440826576   -0.421729159    3.064820673
    3.888888889   -0.436691633   -0.383175990    3.090811945
    3.903903904   -0.404166292   -0.329706795    3.118715670
    3.918918919   -0.344404566   -0.273615907    3.146375821
    3.933933934   -0.272481042   -0.224010493    3.171906395
    3.948948949   -0.195818934   -0.170498244    3.196719127
    3.963963964   -0.115489260   -0.102714614    3.225670048
    3.978978979   -0.039733930   -0.036831634    3.262559666
    3.993993994    0.021464305    0.003122535    3.306051386
    4.009009009    0.067522766    0.019989513    3.350859529
    4.024024024    0.103876726    0.036934535    3.391488998
    4.039039039    0.137222221    0.069985265    3.429083961
    4.054054054    0.173536324    0.118561485    3.470855917
    4.069069069    0.211955282    0.171196574    3.521675058
    4.084084084    0.239940416    0.214106425    3.579111178
    4.099099099    0.248463635    0.246011335    3.637311612
    4.114114114    0.247712074    0.277553911    3.692460634
    4.129129129    0.262357166    0.321925227    3.744675832
    4.144144144    0.307028237    0.382516586    3.795964786
    4.159159159    0.368173850    0.442500632    3.844568361
    4.174174174    0.416640119    0.474727949    3.876560636
    4.189189189    0.418374932    0.449538774    3.863504156
    4.204204204    0.339851494    0.340819336    3.776233521
    4.219219219    0.166912824    0.143209059    3.605640696
    4.234234234   -0.083863590   -0.121644029    3.372518096
    4.249249249   -0.358576325   -0.400589630    3.121554527
    4.264264264   -0.575916865   -0.615257370    2.908475442
    4.279279279   -0.679714347   -0.712909694    2.777582841
    4.294294294   -0.678220470   -0.704786041    2.735091826
    4.309309309   -0.616144728   -0.637365332    2.753250343
    4.324324324   -0.529716062   -0.545015151    2.800261362
    4.339339339   -0.441373745   -0.447357230    2.855049938
    4.354354354   -0.371649215   -0.364724944    2.905105137
    4.369369369   -0.335608322   -0.315508261    2.942465162
    4.384384384   -0.332186447   -0.303120137    2.962385930
    4.399399399   -0.343417096   -0.313520990    2.966271657
    4.414414414   -0.352275556   -0.330363987    2.958508752
    4.429429429   -0.355996088   -0.344397341    2.938741827
    4.444444444   -0.357396313   -0.350522839    2.905724465
    4.459459459   -0.353158379   -0.344892927    2.865875904
    4.474474474   -0.332701291   -0.324663720    2.830377432
    4.489489489   -0.292924085   -0.292719763    2.806229456
    4.504504505   -0.248303262   -0.259616761    2.791365089
    4.519519520   -0.216548789   -0.234755036    2.777727013
    4.534534535   -0.197787480   -0.214794600    2.767469508
    4.549549550   -0.180587110   -0.190290171    2.770779018
    4.564564565   -0.158587239   -0.158589559    2.788062554
    4.579579580   -0.131549801   -0.125324433    2.813215829
    4.594594595   -0.106221167   -0.102486851    2.839173845
    4.609609610   -0.097831444   -0.103381952    2.857751422
    4.624624625   -0.114496228   -0.128853337    2.869100503
    4.639639640   -0.146956337   -0.164900314    2.881410019
    4.654654655   -0.180693621   -0.195187573    2.898081211
    4.669669670   -0.205083133   -0.207551902    2.917144279
    4.684684685   -0.214671808   -0.200333068    2.937278127
    4.699699700   -0.212610762   -0.187247842    2.957928488
    4.714714715   -0.208393866   -0.185512341    2.977999038
    4.729729730   -0.204059288   -0.193496945    2.994941962
    4.744744745   -0.193390331   -0.194273891    3.005714926
    4.759759760   -0.175883124   -0.181734673    3.011647048
    4.774774775   -0.159208889   -0.165643171    3.016424539
    4.789789790   -0.148321848   -0.151479081    3.022435298
    4.804804805   -0.142166515   -0.138992534    3.028183458
    4.819819820   -0.144179608   -0.137023644    3.027749899
    4.834834835   -0.161189231   -0.157315418    3.018718072
    4.849849850   -0.190076795   -0.193885956    3.005851356
    4.864864865   -0.220759466   -0.229016275    2.995143557
    4.879879880   -0.253634737   -0.260671351    2.986842631
    4.894894895   -0.297282480   -0.299210561    2.979242067
    4.909909910   -0.352523795   -0.348370086    2.973377225
    4.924924925   -0.411460848   -0.407004302    2.969433621
    4.939939940   -0.466891651   -0.472805713    2.966189143
    4.954954955   -0.516456708   -0.536598613    2.964883936
    4.969969970   -0.563127940   -0.587862255    2.966007068
    4.984984985   -0.613544407   -0.626040278    2.967709849
    5.000000000   -0.667709678   -0.657464727    2.965629780
    5.015015015   -0.721598410   -0.693090184    2.954797091
    5.030030030   -0.771579201   -0.740092316    2.939457574
    5.045045045   -0.807763016   -0.788743371    2.930704983
    5.060060060   -0.824964178   -0.824867646    2.928638138
    5.075075075   -0.831881692   -0.845632610    2.925005051
    5.090090090   -0.839296598   -0.855939484    2.915832898
    5.105105105   -0.849493632   -0.858811961    2.901844062
    5.120120120   -0.855350060   -0.852379739    2.884910783
    5.135135135   -0.849062832   -0.836659040    2.867415608
    5.150150150   -0.832495455   -0.820335470    2.848506050
    5.165165165   -0.814910152   -0.813521299    2.823115013
    5.180180180   -0.805187629   -0.816408990    2.788827974
    5.195195195   -0.802143750   -0.818156807    2.751194882
    5.210210210   -0.796609053   -0.808832854    2.718452293
    5.225225225   -0.786554573   -0.791083315    2.691371758
    5.240240240   -0.776675804   -0.773602979    2.667636869
    5.255255255   -0.767830798   -0.759125990    2.653322918
    5.270270270   -0.760577888   -0.748765565    2.651029640
    5.285285285   -0.754552329   -0.744355589    2.651004766
    5.300300300   -0.745769232   -0.743619421    2.648027117
    5.315315315   -0.733427690   -0.741710809    2.646419835
    5.330330330   -0.722965678   -0.736937545    2.643725449
    5.345345345   -0.719043291   -0.732061799    2.636235210
    5.360360360   -0.721271551   -0.728803981    2.625412520
    5.375375375   -0.727390025   -0.726762868    2.611592112
    5.390390390   -0.731816282   -0.723660651    2.599183873
    5.405405405   -0.730295395   -0.717351865    2.590420150
    5.420420420   -0.723312389   -0.707332683    2.579376939
    5.435435435   -0.712219477   -0.695415262    2.559072518
    5.450450450   -0.697953194   -0.684784094    2.527322783
    5.465465465   -0.681899186   -0.676939386    2.476832677
    5.480480480   -0.667262751   -0.671412259    2.383506040
    5.495495495   -0.657749177   -0.668749261    2.212329962
    5.510510511   -0.653002430   -0.669766468    1.932137570
    5.525525526   -0.651141729   -0.673204072    1.514120581
    5.540540541   -0.653505788   -0.676893522    0.949095649
    5.555555556   -0.662438986   -0.680785589    0.320680047
    5.570570571   -0.675457717   -0.683936731   -0.208622487
    5.585585586   -0.684705314   -0.681262696   -0.540656116
    5.600600601   -0.684585914   -0.669282147   -0.687973865
    5.615615616   -0.672453766   -0.647325739   -0.708748288
    5.630630631   -0.646648021   -0.616665859   -0.657566171
    5.645645646   -0.610237808   -0.583044297   -0.572523628
    5.660660661   -0.570223840   -0.553004314   -0.479169346
    5.675675676   -0.530969138   -0.527021397   -0.393352172
    5.690690691   -0.492285214   -0.500127280   -0.318217613
    5.705705706   -0.452912933   -0.468799526   -0.246419831
    5.720720721   -0.412886927   -0.433702256   -0.173005520
    5.735735736   -0.373623786   -0.396569557   -0.098057593
    5.750750751   -0.336931764   -0.358497381   -0.025211227
    5.765765766   -0.304751896   -0.321497492    0.038882088
    5.780780781   -0.278512414   -0.287988075    0.092029022
    5.795795796   -0.258938516   -0.259854982    0.131583208
    5.810810811   -0.247087527   -0.239393324    0.142132095
    5.825825826   -0.244435417   -0.229763452    0.097290857
    5.840840841   -0.251052183   -0.232478208   -0.020357473
    5.855855856   -0.262364473   -0.243218167   -0.187825087
    5.870870871   -0.271531500   -0.254615466   -0.359113438
    5.885885886   -0.274836899   -0.261760120   -0.509411218
    5.900900901   -0.272999041   -0.264133165   -0.635983884
    5.915915916   -0.269720310   -0.265952614   -0.751021704
    5.930930931   -0.267108053   -0.270355198   -0.871725710
    5.945945946   -0.262517157   -0.273550315   -0.993543403
    5.960960961   -0.252803066   -0.268790995   -1.094194914
    5.975975976   -0.238530277   -0.255455644   -1.162296287
    5.990990991   -0.222705465   -0.238539404   -1.195468762
    6.006006006   -0.208172058   -0.221898162   -1.192318674
    6.021021021   -0.196286815   -0.206428168   -1.161632907
    6.036036036   -0.186929820   -0.192109017   -1.115985830
    6.051051051   -0.179225858   -0.178258012   -1.061006325
    6.066066066   -0.171278134   -0.163557485   -1.001413366
    6.081081081   -0.160381354   -0.147534968   -0.944705584
    6.096096096   -0.146679232   -0.132175114   -0.897172665
    6.111111111   -0.132427792   -0.119352162   -0.859329154
    6.126126126   -0.118710694   -0.107967892   -0.827924694
    6.141141141   -0.105502946   -0.096385196   -0.800349855
    6.156156156   -0.092715099   -0.085647637   -0.774754795
    6.171171171   -0.080310413   -0.077170536   -0.747851576
    6.186186186   -0.068169424   -0.069879650   -0.716999834
    6.201201201   -0.055425018   -0.061294275   -0.683816543
    6.216216216   -0.040745848   -0.049751029   -0.650725129
    6.231231231   -0.025160097   -0.036148562   -0.619211001
    6.246246246   -0.011674945   -0.023142672   -0.593418339
    6.261261261   -0.001537332   -0.012440097   -0.574290350
    6.276276276    0.006572206   -0.003066047   -0.553752904
    6.291291291    0.014351758    0.007378225   -0.522103081
    6.306306306    0.022116724    0.019679655   -0.479124708
    6.321321321    0.029711713    0.032844649   -0.432933729
    6.336336336    0.037707513    0.045751453   -0.391584248
    6.351351351    0.046615494    0.057449168   -0.358254453
    6.366366366    0.057407895    0.068951115   -0.330302086
    6.381381381    0.071432465    0.082800407   -0.299449149
    6.396396396    0.088450566    0.098577516   -0.260507346
    6.411411411    0.106732789    0.113237976   -0.217537077
    6.426426426    0.124419888    0.125300817   -0.177626452
    6.441441441    0.141016856    0.136467852   -0.142418962
    6.456456456    0.156867252    0.148767449   -0.109303033
    6.471471471    0.172329813    0.163016114   -0.075867890
    6.486486486    0.188414248    0.179575207   -0.043082634
    6.501501502    0.205513799    0.197864468   -0.012989814
    6.516516517    0.221252238    0.215415464    0.014605189
    6.531531532    0.232690755    0.229840688    0.040090279
    6.546546547    0.239991884    0.241172634    0.063619538
    6.561561562    0.246575459    0.251566305    0.085872922
    6.576576577    0.256086529    0.263269056    0.105787062
    6.591591592    0.269595896    0.276776138    0.118101514
    6.606606607    0.286467008    0.292003042    0.117882014
    6.621621622    0.305493094    0.308681319    0.104629615
    6.636636637    0.325053615    0.325570310    0.084071910
    6.651651652    0.343776638    0.341428744    0.071844332
    6.666666667    0.361695367    0.357152650    0.084828552
    6.681681682    0.380450260    0.375686732    0.126209515
    6.696696697    0.401480982    0.398150720    0.188255641
    6.711711712    0.424735040    0.422875582    0.260696065
    6.726726727    0.447890615    0.447048859    0.329864217
    6.741741742    0.467356501    0.467842273    0.380694563
    6.756756757    0.480789414    0.483212730    0.402718079
    6.771771772    0.489096035    0.493341837    0.395485802
    6.786786787    0.496121226    0.500819861    0.370816611
    6.801801802    0.506105835    0.509221684    0.346175197
    6.816816817    0.520832598    0.521374333    0.332232602
    6.831831832    0.539326500    0.537824593    0.331153672
    6.846846847    0.559353226    0.556703884    0.339079036
    6.861861862    0.578693677    0.575500602    0.350074769
    6.876876877    0.595806179    0.592377668    0.359909826
    6.891891892    0.609607442    0.606364971    0.367540395
    6.906906907    0.616896454    0.614869826    0.370569689
    6.921921922    0.612453427    0.613045459    0.364908464
    6.936936937    0.594880399    0.598297304    0.353674615
    6.951951952    0.567234920    0.571645138    0.340151225
    6.966966967    0.531802883    0.534994782    0.314904244
    6.981981982    0.490377670    0.490980826    0.266626323
    6.996996997    0.444948749    0.443043852    0.192597419
    7.012012012    0.396505682    0.393974234    0.091463046
    7.027027027    0.344670988    0.343246341   -0.041544217
    7.042042042    0.289367568    0.289169050   -0.203576081
    7.057057057    0.236278625    0.236506868   -0.367038113
    7.072072072    0.194395622    0.194546852   -0.491849944
    7.087087087    0.167279881    0.167744695   -0.559781079
    7.102102102    0.154619687    0.155805244   -0.580063514
    7.117117117    0.155168618    0.156898469   -0.571394886
    7.132132132    0.165264864    0.167318580   -0.547850529
    7.147147147    0.180091619    0.181807701   -0.518434228
    7.162162162    0.196228548    0.196552827   -0.488603554
    7.177177177    0.211447290    0.210078908   -0.459475769
    7.192192192    0.225457180    0.223229514   -0.430386095
    7.207207207    0.240389582    0.238308882   -0.400626123
    7.222222222    0.257407792    0.255981168   -0.370470741
    7.237237237    0.275270315    0.274037443   -0.341564226
    7.252252252    0.292219144    0.290020479   -0.314872128
    7.267267267    0.306275942    0.303159060   -0.288739061
    7.282282282    0.314965682    0.312631842   -0.260690683
    7.297297297    0.315851368    0.316166858   -0.231341529
    7.312312312    0.308855830    0.312150902   -0.203493873
    7.327327327    0.296258655    0.300835027   -0.179687960
    7.342342342    0.279864579    0.284122595   -0.161682963
    7.357357357    0.261280979    0.265782660   -0.148008467
    7.372372372    0.244172790    0.249789442   -0.133096181
    7.387387387    0.233148397    0.237783379   -0.113496446
    7.402402402    0.228617946    0.228589044   -0.092022272
    7.417417417    0.227616360    0.222127360   -0.072205001
    7.432432432    0.227458542    0.219345192   -0.055012254
    7.447447447    0.226050227    0.218972222   -0.040123968
    7.462462462    0.223061926    0.219278349   -0.026218961
    7.477477477    0.220514908    0.220126545   -0.012579313
    7.492492492    0.220613794    0.221830551    0.000907372
    7.507507508    0.224339709    0.224748305    0.016522283
    7.522522523    0.230596989    0.228968788    0.035563876
    7.537537538    0.237939101    0.235286813    0.056488253
    7.552552553    0.246148883    0.244668691    0.077132554
    7.567567568    0.254231317    0.255616804    0.095952481
    7.582582583    0.260452395    0.265331513    0.113634480
    7.597597598    0.264715446    0.272732682    0.131531584
    7.612612613    0.270109042    0.279947064    0.149327258
    7.627627628    0.279426251    0.289039183    0.164801011
    7.642642643    0.292174902    0.298919492    0.175759854
    7.657657658    0.306437887    0.307411650    0.180917375
    7.672672673    0.320924899    0.314447443    0.181209063
    7.687687688    0.335812727    0.322901839    0.180250125
    7.702702703    0.350135040    0.334321865    0.180442189
    7.717717718    0.358694318    0.344133821    0.180120532
    7.732732733    0.353949872    0.344093211    0.174601047
    7.747747748    0.334265194    0.331635442    0.161926982
    7.762762763    0.308774270    0.314445977    0.146094328
    7.777777778    0.289033723    0.301461013    0.133074541
    7.792792793    0.280884011    0.295965362    0.127841333
    7.807807808    0.283888567    0.297230772    0.132991901
    7.822822823    0.295072065    0.303777770    0.147731266
    7.837837838    0.311107277    0.313992694    0.169520807
    7.852852853    0.327586354    0.325094755    0.194258056
    7.867867868    0.339789757    0.333879646    0.216810874
    7.882882883    0.345671511    0.338602400    0.235226379
    7.897897898    0.348261535    0.341206860    0.250898317
    7.912912913    0.352008606    0.345357163    0.264364027
    7.927927928    0.357069689    0.351537303    0.274307575
    7.942942943    0.359816676    0.356694036    0.278605252
    7.957957958    0.358697118    0.359268913    0.277291209
    7.972972973    0.357279093    0.361385137    0.273517979
    7.987987988    0.359113625    0.364728389    0.271899644
    8.003003003    0.363524073    0.368018749    0.275566784
    8.018018018    0.368262536    0.369972037    0.283534245
    8.033033033    0.372055442    0.371274764    0.293785653
    8.048048048    0.374247747    0.372595089    0.305099234
    8.063063063    0.374924893    0.373934035    0.316178418
    8.078078078    0.374842429    0.375627571    0.326702640
    8.093093093    0.375125275    0.378220616    0.337229042
    8.108108108    0.377578518    0.382076778    0.348703690
    8.123123123    0.382460070    0.386101113    0.361666087
    8.138138138    0.386702076    0.387155268    0.376315430
    8.153153153    0.385973469    0.382432084    0.392541786
    8.168168168    0.378678883    0.372307418    0.409674030
    8.183183183    0.367212943    0.360463917    0.427507665
    8.198198198    0.353700766    0.348891292    0.446486282
    8.213213213    0.338024533    0.336062747    0.466440376
    8.228228228    0.321026419    0.321786651    0.486584847
    8.243243243    0.306074968    0.309269955    0.506236172
    8.258258258    0.295710972    0.300769797    0.525418987
    8.273273273    0.288966433    0.294676958    0.545274046
    8.288288288    0.283303413    0.288207110    0.565447755
    8.303303303    0.277904198    0.280599361    0.580783370
    8.318318318    0.274272187    0.273964719    0.582279299
    8.333333333    0.274897638    0.271841605    0.564318777
    8.348348348    0.279872182    0.275100536    0.529727370
    8.363363363    0.285548870    0.280766717    0.485819296
    8.378378378    0.288742913    0.285807167    0.442402216
    8.393393393    0.290277777    0.290123105    0.408975764
    8.408408408    0.292979682    0.294855279    0.385782636
    8.423423423    0.298083612    0.300525912    0.365270400
    8.438438438    0.305168056    0.307352252    0.340681805
    8.453453453    0.313142882    0.315037044    0.308483483
    8.468468468    0.321270104    0.322996412    0.266956612
    8.483483483    0.329859495    0.331186068    0.218276493
    8.498498498    0.338685183    0.339162334    0.170445679
    8.513513514    0.346664103    0.345692142    0.132025542
    8.528528529    0.353179401    0.350381001    0.105114462
    8.543543544    0.358171045    0.354137842    0.087519817
    8.558558559    0.362135817    0.358334664    0.076955639
    8.573573574    0.366249273    0.363986698    0.070926492
    8.588588589    0.371321961    0.371288622    0.068449150
    8.603603604    0.376974187    0.379585777    0.070169237
    8.618618619    0.381980114    0.386935495    0.075103937
    8.633633634    0.385730638    0.391437912    0.081664492
    8.648648649    0.389387705    0.393764968    0.088359195
    8.663663664    0.394392396    0.396315591    0.092420343
    8.678678679    0.400715634    0.400439951    0.093204363
    8.693693694    0.407447810    0.405765523    0.093957954
    8.708708709    0.413811383    0.411453638    0.096931381
    8.723723724    0.419302962    0.416648188    0.101566176
    8.738738739    0.423724753    0.420551076    0.107875577
    8.753753754    0.427364811    0.423576043    0.116541540
    8.768768769    0.430606820    0.426982213    0.126310234
    8.783783784    0.433934696    0.431849455    0.135341565
    8.798798799    0.437976416    0.438589397    0.143881726
    8.813813814    0.442712735    0.446247826    0.153404589
    8.828828829    0.447648644    0.453102491    0.164413429
    8.843843844    0.452301184    0.457800429    0.175937399
    8.858858859    0.456472754    0.460300464    0.187008155
    8.873873874    0.460195351    0.461507702    0.196361275
    8.888888889    0.463202128    0.461944408    0.201586698
    8.903903904    0.465134226    0.462019420    0.201488511
    8.918918919    0.465999565    0.462445169    0.198033062
    8.933933934    0.465677798    0.462980601    0.193599060
    8.948948949    0.463578753    0.462235495    0.188386342
    8.963963964    0.459269282    0.459010235    0.181814832
    8.978978979    0.453044418    0.453384915    0.173864828
    8.993993994    0.446083565    0.446838900    0.165619759
    9.009009009    0.439743596    0.441076634    0.158410759
    9.024024024    0.434660696    0.436585930    0.152636118
    9.039039039    0.430870307    0.432672854    0.147993681
    9.054054054    0.428348594    0.429210636    0.144858058
    9.069069069    0.426546252    0.426635847    0.143863794
    9.084084084    0.424681074    0.424903715    0.144348046
    9.099099099    0.423060124    0.423589966    0.145048577
    9.114114114    0.422840019    0.422457125    0.145504573
    9.129129129    0.424491255    0.422107899    0.146278238
    9.144144144    0.427369074    0.423484608    0.148658998
    9.159159159    0.429902441    0.426441550    0.152935287
    9.174174174    0.431250458    0.430173651    0.158000437
    9.189189189    0.432201474    0.433811960    0.162243204
    9.204204204    0.433696557    0.436743710    0.164946596
    9.219219219    0.436242117    0.439659221    0.167611797
    9.234234234    0.440281043    0.443885523    0.171935990
    9.249249249    0.445859327    0.449257924    0.177553555
    9.264264264    0.452037947    0.454152855    0.182591439
    9.279279279    0.458019469    0.458140022    0.186133032
    9.294294294    0.464159355    0.462634900    0.188853051
    9.309309309    0.470810727    0.468412451    0.191190858
    9.324324324    0.477773440    0.474632656    0.193168122
    9.339339339    0.484191533    0.479977674    0.194663985
    9.354354354    0.488849619    0.483990700    0.195984378
    9.369369369    0.490840695    0.486975795    0.197724876
    9.384384384    0.490549216    0.489493464    0.200056667
    9.399399399    0.490251424    0.492655754    0.202783623
    9.414414414    0.492110176    0.497231937    0.205862205
    9.429429429    0.496214898    0.502625202    0.209588986
    9.444444444    0.501276109    0.507628071    0.214005046
    9.459459459    0.506307041    0.511418508    0.218984858
    9.474474474    0.510857537    0.513539651    0.224459423
    9.489489489    0.514624982    0.514308337    0.230134511
    9.504504505    0.517903872    0.515102402    0.235784762
    9.519519520    0.521442280    0.517193257    0.241571059
    9.534534535    0.525221877    0.520387936    0.247683127
    9.549549550    0.528338953    0.523661244    0.254022354
    9.564564565    0.529911064    0.526036035    0.260033504
    9.579579580    0.529277087    0.526596513    0.265136003
    9.594594595    0.526076689    0.525056754    0.269791554
    9.609609610    0.520731625    0.521757064    0.274770208
    9.624624625    0.514821166    0.517687938    0.279936290
    9.639639640    0.509759958    0.513847759    0.284432202
    9.654654655    0.505317364    0.509891203    0.287556264
    9.669669670    0.500847379    0.505198826    0.289552749
    9.684684685    0.496563616    0.500169846    0.290975825
    9.699699700    0.493295292    0.495910459    0.292236958
    9.714714715    0.491366264    0.492986385    0.293809238
    9.729729730    0.490399340    0.491032280    0.296106585
    9.744744745    0.490295081    0.489946450    0.299064877
    9.759759760    0.491483795    0.490430478    0.302122010
    9.774774775    0.494060799    0.492577051    0.304890602
    9.789789790    0.497508877    0.495394409    0.307038702
    9.804804805    0.500737482    0.497674158    0.308096016
    9.819819820    0.502792328    0.498927331    0.308444732
    9.834834835    0.503565415    0.499551176    0.309080117
    9.849849850    0.503213604    0.499761211    0.310396875
    9.864864865    0.501743457    0.499377274    0.312231349
    9.879879880    0.499422195    0.498613006    0.314393310
    9.894894895    0.497249698    0.498281863    0.316783455
    9.909909910    0.496390483    0.499126565    0.319754428
    9.924924925    0.497210445    0.501151047    0.323988779
    9.939939940    0.499152746    0.503534193    0.329715692
    9.954954955    0.501181343    0.505101314    0.336444276
    9.969969970    0.502660140    0.505313397    0.343719936
    9.984984985    0.503765683    0.504756792    0.351488892
   10.000000000    0.504628507    0.504274944    0.359467326
   10.015015015    0.505116976    0.504315776    0.367150586
   10.030030030    0.505701325    0.504969506    0.374327039
   10.045045045    0.507306275    0.506231687    0.381177298
   10.060060060    0.510145657    0.508108647    0.387944392
   10.075075075    0.513701798    0.510495595    0.394520475
   10.090090090    0.517281789    0.513176341    0.400462790
   10.105105105    0.520400821    0.516030507    0.405566822
   10.120120120    0.523056384    0.519023001    0.410175460
   10.135135135    0.525365744    0.522022488    0.414805130
   10.150150150    0.526986709    0.524654239    0.419636910
   10.165165165    0.527467392    0.526754202    0.424711806
   10.180180180    0.527205750    0.528818816    0.430229691
   10.195195195    0.527548599    0.531438498    0.436220345
   10.210210210    0.529185486    0.534062059    0.442239533
   10.225225225    0.531503901    0.535821896    0.447568949
   10.240240240    0.533937044    0.537116903    0.451953805
   10.255255255    0.536801274    0.539196613    0.456044027
   10.270270270    0.540389911    0.542351470    0.460580091
   10.285285285    0.544458195    0.545835269    0.465438424
   10.300300300    0.547937979    0.548375289    0.469751734
   10.315315315    0.548656075    0.548068461    0.472277475
   10.330330330    0.544880833    0.543508440    0.471754830
   10.345345345    0.536801333    0.534936125    0.467163530
   10.360360360    0.525775794    0.523553654    0.458365234
   10.375375375    0.513904600    0.511272292    0.447332011
   10.390390390    0.503708584    0.500740516    0.437023226
   10.405405405    0.496156244    0.493021197    0.428959403
   10.420420420    0.490555857    0.487448263    0.423334590
   10.435435435    0.486827035    0.484133860    0.420375134
   10.450450450    0.485379139    0.483550365    0.420152490
   10.465465465    0.485616884    0.485060959    0.421727912
   10.480480480    0.486404391    0.487356421    0.423848019
   10.495495495    0.487319937    0.489662406    0.425870734
   10.510510511    0.488772403    0.492152775    0.427419351
   10.525525526    0.490954414    0.494770931    0.428116058
   10.540540541    0.493763857    0.497006462    0.428326138
   10.555555556    0.497199727    0.499089361    0.429360280
   10.570570571    0.500958136    0.501651413    0.432064772
   10.585585586    0.504459717    0.504569752    0.436040021
   10.600600601    0.507624220    0.507521483    0.440526082
   10.615615616    0.510610655    0.510537940    0.445186630
   10.630630631    0.513398173    0.513691413    0.449992036
   10.645645646    0.516283367    0.516985957    0.454873735
   10.660660661    0.519868115    0.520504245    0.459741827
   10.675675676    0.524155773    0.524104789    0.464549494
   10.690690691    0.528611819    0.527464999    0.469185301
   10.705705706    0.532939200    0.530577381    0.473449726
   10.720720721    0.536901771    0.533525118    0.477276487
   10.735735736    0.540130692    0.536415111    0.480993656
   10.750750751    0.542475583    0.539343874    0.485011296
   10.765765766    0.544009586    0.542092745    0.489307928
   10.780780781    0.544770361    0.544281507    0.493575767
   10.795795796    0.544875380    0.545791724    0.497521975
   10.810810811    0.544613955    0.546691936    0.500845878
   10.825825826    0.544386222    0.547147336    0.503434976
   10.840840841    0.544789552    0.547653216    0.505547817
   10.855855856    0.546288963    0.548791356    0.507490505
   10.870870871    0.548595271    0.550531399    0.509350108
   10.885885886    0.551178665    0.552480392    0.511049019
   10.900900901    0.553756214    0.554418188    0.512548273
   10.915915916    0.556060140    0.556129099    0.514093946
   10.930930931    0.557884622    0.557383686    0.516012397
   10.945945946    0.559519918    0.558460000    0.518353724
   10.960960961    0.561531225    0.560041643    0.520943186
   10.975975976    0.563907580    0.562372506    0.523596493
   10.990990991    0.566207240    0.565072804    0.526328060
   11.006006006    0.568282813    0.567761318    0.529332692
   11.021021021    0.570389822    0.570414139    0.532671372
   11.036036036    0.572606517    0.572919990    0.536106273
   11.051051051    0.574506880    0.574687237    0.539291655
   11.066066066    0.575846591    0.575458676    0.542035275
   11.081081081    0.577034020    0.576030805    0.544532541
   11.096096096    0.578663750    0.577520230    0.547193622
   11.111111111    0.580898695    0.580204571    0.550118149
   11.126126126    0.583467931    0.583480649    0.553085006
   11.141141141    0.586042246    0.586595486    0.555941351
   11.156156156    0.588268088    0.589000475    0.558690957
   11.171171171    0.589916315    0.590587784    0.561271063
   11.186186186    0.590899672    0.591488912    0.563525198
   11.201201201    0.591167767    0.591691299    0.565375313
   11.216216216    0.590641591    0.591055346    0.566817383
   11.231231231    0.589351834    0.589646691    0.567905683
   11.246246246    0.587792023    0.588049404    0.568829223
   11.261261261    0.586604328    0.586825984    0.569787651
   11.276276276    0.586166128    0.586242400    0.570820851
   11.291291291    0.586323779    0.586183241    0.571816970
   11.306306306    0.586561666    0.586205302    0.572698067
   11.321321321    0.586599507    0.586001565    0.573438768
   11.336336336    0.586403809    0.585619899    0.573997333
   11.351351351    0.586000061    0.585265871    0.574436014
   11.366366366    0.585571164    0.585018909    0.574939232
   11.381381381    0.585390282    0.585032263    0.575693399
   11.396396396    0.585755736    0.585629202    0.576793078
   11.411411411    0.586676374    0.586738716    0.578181760
   11.426426426    0.587847815    0.588000287    0.579825032
   11.441441441    0.588916888    0.589193733    0.581748302
   11.456456456    0.589776512    0.590238679    0.583912537
   11.471471471    0.590856267    0.591302043    0.586219550
   11.486486486    0.592664574    0.592769268    0.588579909
   11.501501502    0.595222788    0.594937542    0.590989757
   11.516516517    0.598127306    0.597721915    0.593454704
   11.531531532    0.600929363    0.600670002    0.595893931
   11.546546547    0.603492942    0.603407147    0.598234263
   11.561561562    0.605894159    0.605821090    0.600463015
   11.576576577    0.608104415    0.607888546    0.602572955
   11.591591592    0.609970976    0.609584085    0.604543587
   11.606606607    0.611389552    0.610945216    0.606356629
   11.621621622    0.612424423    0.612117867    0.607938022
   11.636636637    0.613222391    0.613192084    0.609219972
   11.651651652    0.613810146    0.614034057    0.610311911
   11.666666667    0.614118501    0.614505370    0.611404904
   11.681681682    0.614351096    0.614833609    0.612607041
   11.696696697    0.614884544    0.615352971    0.613952048
   11.711711712    0.615913915    0.616205563    0.615513650
   11.726726727    0.617499102    0.617460615    0.617374663
   11.741741742    0.619584235    0.619192116    0.619469409
   11.756756757    0.622091650    0.621481198    0.621622810
   11.771771772    0.624865381    0.624224581    0.623701826
   11.786786787    0.627619064    0.627116205    0.625676898
   11.801801802    0.630129499    0.629863140    0.627588414
   11.816816817    0.632454744    0.632413288    0.629493985
   11.831831832    0.634831862    0.634923140    0.631410475
   11.846846847    0.637343391    0.637488849    0.633278040
   11.861861862    0.639893300    0.640081321    0.635032523
   11.876876877    0.642397035    0.642637924    0.636681751
   11.891891892    0.644831152    0.645094916    0.638288034
   11.906906907    0.647197538    0.647417175    0.639920244
   11.921921922    0.649524361    0.649650916    0.641643485
   11.936936937    0.651855387    0.651896096    0.643515703
   11.951951952    0.654242468    0.654244800    0.645540604
   11.966966967    0.656705189    0.656704809    0.647657397
   11.981981982    0.659182117    0.659180151    0.649782003
   11.996996997    0.661608579    0.661577978    0.651857732
   12.012012012    0.663987296    0.663898296    0.653886883
   12.027027027    0.666351078    0.666215650    0.655907259
   12.042042042    0.668720792    0.668585831    0.657934007
   12.057057057    0.671090676    0.670989839    0.659942096
   12.072072072    0.673448824    0.673381183    0.661898569
   12.087087087    0.675786679    0.675730501    0.663796749
   12.102102102    0.678078286    0.678017326    0.665670439
   12.117117117    0.680261176    0.680198874    0.667557617
   12.132132132    0.682268101    0.682219987    0.669463849
   12.147147147    0.684094420    0.684069149    0.671374288
   12.162162162    0.685785237    0.685779677    0.673270630
   12.177177177    0.687410981    0.687413466    0.675152957
   12.192192192    0.689045324    0.689043523    0.677042927
   12.207207207    0.690702813    0.690694661    0.678960050
   12.222222222    0.692357317    0.692344134    0.680912558
   12.237237237    0.694031914    0.694008812    0.682893303
   12.252252252    0.695754190    0.695718274    0.684871903
   12.267267267    0.697488360    0.697452137    0.686826110
   12.282282282    0.699191414    0.699178911    0.688787356
   12.297297297    0.700843343    0.700864710    0.690815095
   12.312312312    0.702470525    0.702498053    0.692932496
   12.327327327    0.704160420    0.704142456    0.695133424
   12.342342342    0.705962513    0.705877839    0.697411792
   12.357357357    0.707844083    0.707734914    0.699768163
   12.372372372    0.709740346    0.709669491    0.702209508
   12.387387387    0.711581393    0.711586694    0.704738629
   12.402402402    0.713354099    0.713425944    0.707324900
   12.417417417    0.715092787    0.715164940    0.709851892
   12.432432432    0.716788832    0.716793850    0.712035831
   12.447447447    0.718354836    0.718263785    0.713409334
   12.462462462    0.719664974    0.719491879    0.713578257
   12.477477477    0.720658442    0.720492200    0.712704148
   12.492492492    0.721399795    0.721349070    0.711367703
   12.507507508    0.722025475    0.722092686    0.709956068
   12.522522523    0.722652937    0.722760657    0.708720324
   12.537537538    0.723347185    0.723444228    0.707960621
   12.552552553    0.724093435    0.724159380    0.707701055
   12.567567568    0.724907930    0.724913832    0.707794485
   12.582582583    0.725776757    0.725687444    0.707984627
   12.597597598    0.726578391    0.726366086    0.707924061
   12.612612613    0.727306562    0.726991245    0.707741072
   12.627627628    0.728049819    0.727763218    0.707923767
   12.642642643    0.728840949    0.728764189    0.708537603
   12.657657658    0.729672116    0.729910963    0.709320862
   12.672672673    0.730582342    0.731065811    0.710207627
   12.687687688    0.731579858    0.732063991    0.711164952
   12.702702703    0.732539001    0.732762941    0.711887963
   12.717717718    0.733321089    0.733183241    0.712171939
   12.732732733    0.733950649    0.733551794    0.712352088
   12.747747748    0.734643996    0.734165638    0.712931431
   12.762762763    0.735527816    0.735093239    0.713923339
   12.777777778    0.736478699    0.736182044    0.715028089
   12.792792793    0.737353274    0.737282589    0.716078208
   12.807807808    0.738081547    0.738268058    0.716986541
   12.822822823    0.738660424    0.739064563    0.717627493
   12.837837838    0.739170765    0.739688024    0.718015657
   12.852852853    0.739641006    0.740111634    0.718342476
   12.867867868    0.740046816    0.740272888    0.718760662
   12.882882883    0.740417293    0.740255619    0.719238821
   12.897897898    0.740676080    0.740148413    0.719550907
   12.912912913    0.740523742    0.739833025    0.719419048
   12.927927928    0.739844834    0.739232917    0.718851836
   12.942942943    0.738986525    0.738648222    0.718322405
   12.957957958    0.738422826    0.738527386    0.718378660
   12.972972973    0.738412762    0.738951165    0.719131098
   12.987987988    0.738959798    0.739662228    0.720340960
   13.003003003    0.739831298    0.740359101    0.721755665
   13.018018018    0.740657531    0.740814693    0.723204996
   13.033033033    0.741177135    0.740973201    0.724585144
   13.048048048    0.741528281    0.741122709    0.725899832
   13.063063063    0.742103891    0.741664750    0.727227987
   13.078078078    0.742975816    0.742612821    0.728574636
   13.093093093    0.743946061    0.743745071    0.729885647
   13.108108108    0.744874147    0.744898042    0.731126786
   13.123123123    0.745808759    0.746026380    0.732279514
   13.138138138    0.746890030    0.747122293    0.733303561
   13.153153153    0.748046601    0.748121338    0.734152603
   13.168168168    0.749006081    0.748942449    0.734856237
   13.183183183    0.749596421    0.749558875    0.735542608
   13.198198198    0.749975589    0.750053599    0.736352063
   13.213213213    0.750524397    0.750650622    0.737343844
   13.228228228    0.751487462    0.751590048    0.738501510
   13.243243243    0.752730737    0.752766923    0.739746984
   13.258258258    0.754023293    0.753917613    0.741002420
   13.273273273    0.755284112    0.755046922    0.742267368
   13.288288288    0.756430257    0.756187039    0.743570233
   13.303303303    0.757389462    0.757222495    0.744894557
   13.318318318    0.758111263    0.758008040    0.746159530
   13.333333333    0.758539386    0.758480740    0.747289259
   13.348348348    0.758752547    0.758742740    0.748309824
   13.363363363    0.758941721    0.758982824    0.749303400
   13.378378378    0.759218744    0.759363506    0.750302758
   13.393393393    0.759607339    0.759916219    0.751312534
   13.408408408    0.760101509    0.760517729    0.752340351
   13.423423423    0.760747682    0.761089761    0.753350914
   13.438438438    0.761635816    0.761697261    0.754319057
   13.453453453    0.762690620    0.762362729    0.755289144
   13.468468468    0.763716854    0.763061159    0.756295398
   13.483483483    0.764483801    0.763753584    0.757285708
   13.498498498    0.764829480    0.764346477    0.758189607
   13.513513514    0.764957403    0.764908081    0.759003891
   13.528528529    0.765278245    0.765632096    0.759758638
   13.543543544    0.765951575    0.766496237    0.760461974
   13.558558559    0.766877829    0.767394325    0.761173053
   13.573573574    0.767856347    0.768262444    0.761954454
   13.588588589    0.768752730    0.769035346    0.762749707
   13.603603604    0.769747146    0.769852618    0.763497413
   13.618618619    0.771107576    0.770938166    0.764218453
   13.633633634    0.772744277    0.772240685    0.764952166
   13.648648649    0.774316375    0.773549506    0.765723492
   13.663663664    0.775463590    0.774684513    0.766472045
   13.678678679    0.775895357    0.775438148    0.767076457
   13.693693694    0.775552591    0.775622584    0.767506530
   13.708708709    0.774629441    0.775191427    0.767846466
   13.723723724    0.773482923    0.774294845    0.768214937
   13.738738739    0.772396599    0.773162711    0.768653434
   13.753753754    0.771489224    0.771979586    0.769140959
   13.768768769    0.770894707    0.770980767    0.769727853
   13.783783784    0.770834570    0.770519135    0.770504429
   13.798798799    0.771301940    0.770700484    0.771475875
   13.813813814    0.771896647    0.771172642    0.772541718
   13.828828829    0.772155080    0.771510399    0.773522840
   13.843843844    0.771931644    0.771585460    0.774263351
   13.858858859    0.771591138    0.771655908    0.774805247
   13.873873874    0.771672234    0.772080823    0.775329193
   13.888888889    0.772300344    0.772853129    0.775920641
   13.903903904    0.773281318    0.773741790    0.776556303
   13.918918919    0.774360141    0.774597879    0.777190378
   13.933933934    0.775400460    0.775439967    0.777839042
   13.948948949    0.776416443    0.776339818    0.778546509
   13.963963964    0.777411176    0.777253037    0.779302743
   13.978978979    0.778271884    0.778017786    0.780059846
   13.993993994    0.778882423    0.778542190    0.780742358
   14.009009009    0.779269208    0.778951704    0.781286500
   14.024024024    0.779645000    0.779513154    0.781766305
   14.039039039    0.780275079    0.780400725    0.782327813
   14.054054054    0.781202928    0.781484332    0.782956697
   14.069069069    0.782231372    0.782467223    0.783515199
   14.084084084    0.783152309    0.783226708    0.783939957
   14.099099099    0.783937305    0.783890824    0.784285684
   14.114114114    0.784702399    0.784614725    0.784610064
   14.129129129    0.785411470    0.785303843    0.784880346
   14.144144144    0.785842025    0.785743478    0.785027671
   14.159159159    0.785932176    0.785895484    0.784975996
   14.174174174    0.785892975    0.785911308    0.784699837
   14.189189189    0.785851206    0.785881408    0.784162656
   14.204204204    0.785688123    0.785705562    0.783208554
   14.219219219    0.785356123    0.785345841    0.781901810
   14.234234234    0.784942662    0.784921057    0.780617541
   14.249249249    0.784474096    0.784488335    0.779525666
   14.264264264    0.784033623    0.784108108    0.778629517
   14.279279279    0.783805430    0.783887405    0.778001216
   14.294294294    0.783832985    0.783813518    0.777718613
   14.309309309    0.784024244    0.783871069    0.777801099
   14.324324324    0.784395513    0.784213861    0.778239694
   14.339339339    0.785063819    0.784986366    0.779079653
   14.354354354    0.786040929    0.786094136    0.780321122
   14.369369369    0.787168541    0.787266504    0.781753903
   14.384384384    0.788280735    0.788330471    0.783121076
   14.399399399    0.789225075    0.789216117    0.784344961
   14.414414414    0.789920078    0.789880001    0.785492572
   14.429429429    0.790449248    0.790387362    0.786583276
   14.444444444    0.790826346    0.790757736    0.787545238
   14.459459459    0.790900617    0.790864915    0.788340806
   14.474474474    0.790721958    0.790747505    0.789119956
   14.489489489    0.790541260    0.790605822    0.790029876
   14.504504505    0.790442649    0.790519994    0.790986700
   14.519519520    0.790437831    0.790517020    0.791876996
   14.534534535    0.790646876    0.790697946    0.792726724
   14.549549550    0.791099893    0.791080106    0.793610994
   14.564564565    0.791676529    0.791545277    0.794496480
   14.579579580    0.792204228    0.792014009    0.795198893
   14.594594595    0.792600370    0.792498591    0.795538814
   14.609609610    0.792954651    0.793013294    0.795647068
   14.624624625    0.793375280    0.793518160    0.795845710
   14.639639640    0.793859916    0.793942947    0.796222325
   14.654654655    0.794359806    0.794306721    0.796638115
   14.669669670    0.794834521    0.794707116    0.796983292
   14.684684685    0.795299532    0.795209686    0.797334746
   14.699699700    0.795814831    0.795825613    0.797810229
   14.714714715    0.796348615    0.796421054    0.798322677
   14.729729730    0.796792749    0.796797893    0.798644243
   14.744744745    0.797158599    0.797041891    0.798741050
   14.759759760    0.797592356    0.797462636    0.798903896
   14.774774775    0.798131461    0.798117547    0.799349931
   14.789789790    0.798663464    0.798793103    0.799943669
   14.804804805    0.799096959    0.799310311    0.800431662
   14.819819820    0.799439616    0.799637144    0.800743569
   14.834834835    0.799758322    0.799841752    0.801019308
   14.849849850    0.800151043    0.800073047    0.801399998
   14.864864865    0.800629970    0.800403479    0.801830996
   14.879879880    0.801066517    0.800752266    0.802140544
   14.894894895    0.801339475    0.801066333    0.802337797
   14.909909910    0.801402923    0.801307745    0.802541292
   14.924924925    0.801305332    0.801446828    0.802764672
   14.939939940    0.801267867    0.801585522    0.803003124
   14.954954955    0.801511811    0.801835192    0.803252656
   14.969969970    0.801986772    0.802144450    0.803477734
   14.984984985    0.802501497    0.802423813    0.803687290
   15.000000000    0.802996630    0.802706052    0.803909610
