# energy grid [eV]     ieps_x  ieps_y  ieps_z
#
    0.000000000    3.340170279    3.340182983    2.104545498
    0.015015015    3.339877172    3.339889877    2.104481459
    0.030030030    3.339369905    3.339382609    2.104370610
    0.045045045    3.338756420    3.338769124    2.104236518
    0.060060060    3.338038229    3.338050933    2.104079491
    0.075075075    3.337215587    3.337228290    2.103899564
    0.090090090    3.336288778    3.336301481    2.103696773
    0.105105105    3.335258123    3.335270825    2.103471158
    0.120120120    3.334123976    3.334136678    2.103222764
    0.135135135    3.332886730    3.332899430    2.102951642
    0.150150150    3.331546807    3.331559507    2.102657845
    0.165165165    3.330104667    3.330117366    2.102341433
    0.180180180    3.328560802    3.328573500    2.102002467
    0.195195195    3.326915737    3.326928434    2.101641016
    0.210210210    3.325170029    3.325182726    2.101257151
    0.225225225    3.323324269    3.323336964    2.100850948
    0.240240240    3.321379077    3.321391771    2.100422486
    0.255255255    3.319335105    3.319347798    2.099971849
    0.270270270    3.317193035    3.317205727    2.099499126
    0.285285285    3.314953578    3.314966269    2.099004408
    0.300300300    3.312617474    3.312630164    2.098487792
    0.315315315    3.310185492    3.310198180    2.097949376
    0.330330330    3.307658427    3.307671114    2.097389264
    0.345345345    3.305037102    3.305049787    2.096807563
    0.360360360    3.302322364    3.302335048    2.096204384
    0.375375375    3.299515087    3.299527769    2.095579842
    0.390390390    3.296616170    3.296628850    2.094934053
    0.405405405    3.293626532    3.293639211    2.094267139
    0.420420420    3.290547118    3.290559795    2.093579224
    0.435435435    3.287378894    3.287391569    2.092870436
    0.450450450    3.284122847    3.284135520    2.092140905
    0.465465465    3.280779983    3.280792655    2.091390765
    0.480480480    3.277351331    3.277364000    2.090620153
    0.495495495    3.273837933    3.273850600    2.089829208
    0.510510511    3.270240854    3.270253519    2.089018073
    0.525525526    3.266561174    3.266573836    2.088186892
    0.540540541    3.262799986    3.262812647    2.087335813
    0.555555556    3.258958403    3.258971062    2.086464987
    0.570570571    3.255037549    3.255050205    2.085574565
    0.585585586    3.251038563    3.251051217    2.084664703
    0.600600601    3.246962595    3.246975246    2.083735557
    0.615615616    3.242810808    3.242823457    2.082787288
    0.630630631    3.238584375    3.238597021    2.081820055
    0.645645646    3.234284480    3.234297123    2.080834023
    0.660660661    3.229912315    3.229924956    2.079829357
    0.675675676    3.225469081    3.225481719    2.078806223
    0.690690691    3.220955987    3.220968622    2.077764791
    0.705705706    3.216374248    3.216386880    2.076705231
    0.720720721    3.211725084    3.211737714    2.075627714
    0.735735736    3.207009723    3.207022350    2.074532414
    0.750750751    3.202229395    3.202242019    2.073419505
    0.765765766    3.197385334    3.197397955    2.072289164
    0.780780781    3.192478778    3.192491396    2.071141567
    0.795795796    3.187510967    3.187523581    2.069976894
    0.810810811    3.182483140    3.182495751    2.068795322
    0.825825826    3.177396541    3.177409148    2.067597033
    0.840840841    3.172252410    3.172265014    2.066382207
    0.855855856    3.167051989    3.167064590    2.065151027
    0.870870871    3.161796518    3.161809116    2.063903675
    0.885885886    3.156487236    3.156499830    2.062640335
    0.900900901    3.151125379    3.151137969    2.061361190
    0.915915916    3.145712178    3.145724765    2.060066424
    0.930930931    3.140248864    3.140261447    2.058756223
    0.945945946    3.134736660    3.134749240    2.057430772
    0.960960961    3.129176789    3.129189364    2.056090255
    0.975975976    3.123570463    3.123583035    2.054734860
    0.990990991    3.117918894    3.117931462    2.053364771
    1.006006006    3.112223284    3.112235847    2.051980175
    1.021021021    3.106484828    3.106497388    2.050581258
    1.036036036    3.100704717    3.100717273    2.049168206
    1.051051051    3.094884132    3.094896684    2.047741204
    1.066066066    3.089024247    3.089036795    2.046300439
    1.081081081    3.083126227    3.083138770    2.044846096
    1.096096096    3.077191227    3.077203767    2.043378360
    1.111111111    3.071220397    3.071232932    2.041897417
    1.126126126    3.065214872    3.065227403    2.040403451
    1.141141141    3.059175782    3.059188308    2.038896647
    1.156156156    3.053104244    3.053116765    2.037377189
    1.171171171    3.047001365    3.047013882    2.035845259
    1.186186186    3.040868242    3.040880754    2.034301041
    1.201201201    3.034705961    3.034718469    2.032744718
    1.216216216    3.028515596    3.028528099    2.031176470
    1.231231231    3.022298211    3.022310709    2.029596480
    1.246246246    3.016054856    3.016067349    2.028004927
    1.261261261    3.009786571    3.009799060    2.026401991
    1.276276276    3.003494384    3.003506868    2.024787851
    1.291291291    2.997179310    2.997191789    2.023162685
    1.306306306    2.990842351    2.990854826    2.021526670
    1.321321321    2.984484499    2.984496968    2.019879984
    1.336336336    2.978106730    2.978119194    2.018222801
    1.351351351    2.971710009    2.971722468    2.016555296
    1.366366366    2.965295288    2.965307742    2.014877643
    1.381381381    2.958863507    2.958875955    2.013190014
    1.396396396    2.952415591    2.952428034    2.011492581
    1.411411411    2.945952452    2.945964890    2.009785516
    1.426426426    2.939474990    2.939487423    2.008068987
    1.441441441    2.932984092    2.932996519    2.006343164
    1.456456456    2.926480630    2.926493052    2.004608214
    1.471471471    2.919965464    2.919977880    2.002864303
    1.486486486    2.913439440    2.913451851    2.001111597
    1.501501502    2.906903391    2.906915796    1.999350259
    1.516516517    2.900358137    2.900370536    1.997580455
    1.531531532    2.893804483    2.893816876    1.995802344
    1.546546547    2.887243222    2.887255609    1.994016088
    1.561561562    2.880675134    2.880687515    1.992221846
    1.576576577    2.874100985    2.874113360    1.990419777
    1.591591592    2.867521527    2.867533897    1.988610039
    1.606606607    2.860937501    2.860949865    1.986792786
    1.621621622    2.854349633    2.854361991    1.984968174
    1.636636637    2.847758636    2.847770988    1.983136356
    1.651651652    2.841165211    2.841177556    1.981297484
    1.666666667    2.834570044    2.834582384    1.979451710
    1.681681682    2.827973811    2.827986144    1.977599184
    1.696696697    2.821377173    2.821389500    1.975740053
    1.711711712    2.814780778    2.814793099    1.973874465
    1.726726727    2.808185264    2.808197578    1.972002566
    1.741741742    2.801591253    2.801603561    1.970124500
    1.756756757    2.794999357    2.795011659    1.968240412
    1.771771772    2.788410175    2.788422470    1.966350442
    1.786786787    2.781824293    2.781836582    1.964454733
    1.801801802    2.775242286    2.775254568    1.962553422
    1.816816817    2.768664715    2.768676991    1.960646650
    1.831831832    2.762092133    2.762104401    1.958734553
    1.846846847    2.755525076    2.755537338    1.956817266
    1.861861862    2.748964072    2.748976328    1.954894923
    1.876876877    2.742409637    2.742421886    1.952967659
    1.891891892    2.735862275    2.735874516    1.951035605
    1.906906907    2.729322477    2.729334712    1.949098891
    1.921921922    2.722790726    2.722802954    1.947157647
    1.936936937    2.716267492    2.716279713    1.945212000
    1.951951952    2.709753234    2.709765448    1.943262078
    1.966966967    2.703248402    2.703260609    1.941308006
    1.981981982    2.696753433    2.696765632    1.939349908
    1.996996997    2.690268754    2.690280947    1.937387907
    2.012012012    2.683794784    2.683806969    1.935422125
    2.027027027    2.677331928    2.677344106    1.933452682
    2.042042042    2.670880584    2.670892755    1.931479697
    2.057057057    2.664441138    2.664453302    1.929503288
    2.072072072    2.658013968    2.658026124    1.927523573
    2.087087087    2.651599440    2.651611589    1.925540665
    2.102102102    2.645197913    2.645210054    1.923554681
    2.117117117    2.638809735    2.638821868    1.921565732
    2.132132132    2.632435244    2.632447370    1.919573930
    2.147147147    2.626074771    2.626086890    1.917579386
    2.162162162    2.619728637    2.619740748    1.915582209
    2.177177177    2.613397154    2.613409257    1.913582508
    2.192192192    2.607080625    2.607092720    1.911580389
    2.207207207    2.600779344    2.600791432    1.909575958
    2.222222222    2.594493599    2.594505679    1.907569319
    2.237237237    2.588223667    2.588235740    1.905560577
    2.252252252    2.581969818    2.581981883    1.903549833
    2.267267267    2.575732314    2.575744371    1.901537189
    2.282282282    2.569511409    2.569523457    1.899522743
    2.297297297    2.563307348    2.563319389    1.897506596
    2.312312312    2.557120371    2.557132404    1.895488844
    2.327327327    2.550950708    2.550962732    1.893469585
    2.342342342    2.544798583    2.544810599    1.891448913
    2.357357357    2.538664212    2.538676220    1.889426923
    2.372372372    2.532547805    2.532559805    1.887403707
    2.387387387    2.526449563    2.526461555    1.885379359
    2.402402402    2.520369682    2.520381666    1.883353969
    2.417417417    2.514308351    2.514320327    1.881327626
    2.432432432    2.508265752    2.508277719    1.879300420
    2.447447447    2.502242060    2.502254019    1.877272438
    2.462462462    2.496237445    2.496249395    1.875243767
    2.477477477    2.490252069    2.490264011    1.873214492
    2.492492492    2.484286089    2.484298022    1.871184698
    2.507507508    2.478339656    2.478351581    1.869154469
    2.522522523    2.472412915    2.472424831    1.867123887
    2.537537538    2.466506004    2.466517912    1.865093033
    2.552552553    2.460619058    2.460630957    1.863061988
    2.567567568    2.454752204    2.454764094    1.861030830
    2.582582583    2.448905564    2.448917446    1.858999640
    2.597597598    2.443079256    2.443091129    1.856968493
    2.612612613    2.437273391    2.437285256    1.854937467
    2.627627628    2.431488077    2.431499932    1.852906636
    2.642642643    2.425723414    2.425735260    1.850876076
    2.657657658    2.419979499    2.419991337    1.848845859
    2.672672673    2.414256426    2.414268255    1.846816059
    2.687687688    2.408554279    2.408566099    1.844786746
    2.702702703    2.402873144    2.402884955    1.842757992
    2.717717718    2.397213096    2.397224898    1.840729867
    2.732732733    2.391574211    2.391586004    1.838702438
    2.747747748    2.385956558    2.385968342    1.836675774
    2.762762763    2.380360201    2.380371976    1.834649943
    2.777777778    2.374785202    2.374796967    1.832625009
    2.792792793    2.369231617    2.369243373    1.830601038
    2.807807808    2.363699500    2.363711247    1.828578095
    2.822822823    2.358188899    2.358200637    1.826556243
    2.837837838    2.352699861    2.352711590    1.824535544
    2.852852853    2.347232426    2.347244146    1.822516060
    2.867867868    2.341786633    2.341798343    1.820497853
    2.882882883    2.336362516    2.336374217    1.818480981
    2.897897898    2.330960107    2.330971798    1.816465504
    2.912912913    2.325579432    2.325591114    1.814451481
    2.927927928    2.320220516    2.320232188    1.812438968
    2.942942943    2.314883381    2.314895044    1.810428023
    2.957957958    2.309568044    2.309579697    1.808418702
    2.972972973    2.304274520    2.304286164    1.806411059
    2.987987988    2.299002821    2.299014456    1.804405148
    3.003003003    2.293752957    2.293764582    1.802401024
    3.018018018    2.288524933    2.288536548    1.800398738
    3.033033033    2.283318753    2.283330359    1.798398343
    3.048048048    2.278134418    2.278146013    1.796399890
    3.063063063    2.272971924    2.272983510    1.794403429
    3.078078078    2.267831269    2.267842846    1.792409010
    3.093093093    2.262712445    2.262724012    1.790416682
    3.108108108    2.257615442    2.257626999    1.788426493
    3.123123123    2.252540249    2.252551796    1.786438490
    3.138138138    2.247486851    2.247498388    1.784452720
    3.153153153    2.242455232    2.242466759    1.782469229
    3.168168168    2.237445372    2.237456889    1.780488062
    3.183183183    2.232457252    2.232468759    1.778509264
    3.198198198    2.227490848    2.227502345    1.776532879
    3.213213213    2.222546135    2.222557622    1.774558949
    3.228228228    2.217623087    2.217634564    1.772587517
    3.243243243    2.212721674    2.212733141    1.770618626
    3.258258258    2.207841865    2.207853322    1.768652316
    3.273273273    2.202983628    2.202995075    1.766688627
    3.288288288    2.198146929    2.198158366    1.764727600
    3.303303303    2.193331731    2.193343158    1.762769273
    3.318318318    2.188537997    2.188549413    1.760813686
    3.333333333    2.183765687    2.183777093    1.758860875
    3.348348348    2.179014760    2.179026156    1.756910878
    3.363363363    2.174285174    2.174296559    1.754963733
    3.378378378    2.169576884    2.169588259    1.753019474
    3.393393393    2.164889845    2.164901210    1.751078137
    3.408408408    2.160224010    2.160235365    1.749139757
    3.423423423    2.155579332    2.155590675    1.747204369
    3.438438438    2.150955759    2.150967092    1.745272005
    3.453453453    2.146353242    2.146364565    1.743342698
    3.468468468    2.141771728    2.141783040    1.741416482
    3.483483483    2.137211164    2.137222466    1.739493387
    3.498498498    2.132671496    2.132682787    1.737573446
    3.513513514    2.128152667    2.128163948    1.735656688
    3.528528529    2.123654621    2.123665892    1.733743145
    3.543543544    2.119177301    2.119188561    1.731832845
    3.558558559    2.114720648    2.114731897    1.729925817
    3.573573574    2.110284601    2.110295839    1.728022091
    3.588588589    2.105869100    2.105880328    1.726121693
    3.603603604    2.101474084    2.101485301    1.724224652
    3.618618619    2.097099489    2.097110696    1.722330994
    3.633633634    2.092745253    2.092756449    1.720440746
    3.648648649    2.088411311    2.088422496    1.718553933
    3.663663664    2.084097599    2.084108773    1.716670581
    3.678678679    2.079804049    2.079815213    1.714790715
    3.693693694    2.075530597    2.075541749    1.712914359
    3.708708709    2.071277174    2.071288316    1.711041537
    3.723723724    2.067043712    2.067054843    1.709172272
    3.738738739    2.062830144    2.062841264    1.707306588
    3.753753754    2.058636400    2.058647509    1.705444506
    3.768768769    2.054462409    2.054473507    1.703586049
    3.783783784    2.050308102    2.050319189    1.701731237
    3.798798799    2.046173408    2.046184484    1.699880093
    3.813813814    2.042058254    2.042069320    1.698032637
    3.828828829    2.037962570    2.037973624    1.696188888
    3.843843844    2.033886282    2.033897326    1.694348867
    3.858858859    2.029829318    2.029840350    1.692512592
    3.873873874    2.025791604    2.025802625    1.690680083
    3.888888889    2.021773067    2.021784077    1.688851358
    3.903903904    2.017773631    2.017784630    1.687026434
    3.918918919    2.013793224    2.013804211    1.685205330
    3.933933934    2.009831768    2.009842745    1.683388063
    3.948948949    2.005889190    2.005900156    1.681574648
    3.963963964    2.001965414    2.001976368    1.679765103
    3.978978979    1.998060363    1.998071307    1.677959443
    3.993993994    1.994173962    1.994184894    1.676157684
    4.009009009    1.990306134    1.990317055    1.674359841
    4.024024024    1.986456802    1.986467712    1.672565929
    4.039039039    1.982625890    1.982636788    1.670775961
    4.054054054    1.978813320    1.978824206    1.668989953
    4.069069069    1.975019014    1.975029890    1.667207917
    4.084084084    1.971242896    1.971253760    1.665429867
    4.099099099    1.967484887    1.967495740    1.663655815
    4.114114114    1.963744909    1.963755751    1.661885774
    4.129129129    1.960022885    1.960033716    1.660119757
    4.144144144    1.956318737    1.956329556    1.658357775
    4.159159159    1.952632386    1.952643193    1.656599838
    4.174174174    1.948963753    1.948974549    1.654845960
    4.189189189    1.945312761    1.945323545    1.653096150
    4.204204204    1.941679330    1.941690103    1.651350418
    4.219219219    1.938063382    1.938074144    1.649608775
    4.234234234    1.934464839    1.934475590    1.647871231
    4.249249249    1.930883622    1.930894361    1.646137794
    4.264264264    1.927319652    1.927330379    1.644408475
    4.279279279    1.923772851    1.923783566    1.642683282
    4.294294294    1.920243139    1.920253843    1.640962222
    4.309309309    1.916730437    1.916741130    1.639245306
    4.324324324    1.913234669    1.913245350    1.637532540
    4.339339339    1.909755753    1.909766423    1.635823932
    4.354354354    1.906293613    1.906304271    1.634119489
    4.369369369    1.902848169    1.902858815    1.632419218
    4.384384384    1.899419343    1.899429977    1.630723127
    4.399399399    1.896007056    1.896017679    1.629031221
    4.414414414    1.892611230    1.892621841    1.627343506
    4.429429429    1.889231786    1.889242386    1.625659989
    4.444444444    1.885868647    1.885879235    1.623980675
    4.459459459    1.882521735    1.882532311    1.622305569
    4.474474474    1.879190970    1.879201535    1.620634677
    4.489489489    1.875876276    1.875886829    1.618968003
    4.504504505    1.872577574    1.872588115    1.617305552
    4.519519520    1.869294787    1.869305316    1.615647328
    4.534534535    1.866027837    1.866038355    1.613993335
    4.549549550    1.862776648    1.862787154    1.612343576
    4.564564565    1.859541141    1.859551635    1.610698056
    4.579579580    1.856321239    1.856331722    1.609056778
    4.594594595    1.853116867    1.853127337    1.607419745
    4.609609610    1.849927946    1.849938404    1.605786959
    4.624624625    1.846754400    1.846764847    1.604158423
    4.639639640    1.843596153    1.843606588    1.602534140
    4.654654655    1.840453129    1.840463553    1.600914112
    4.669669670    1.837325252    1.837335663    1.599298340
    4.684684685    1.834212445    1.834222845    1.597686826
    4.699699700    1.831114634    1.831125022    1.596079572
    4.714714715    1.828031742    1.828042118    1.594476579
    4.729729730    1.824963695    1.824974059    1.592877848
    4.744744745    1.821910417    1.821920769    1.591283380
    4.759759760    1.818871834    1.818882174    1.589693175
    4.774774775    1.815847870    1.815858198    1.588107235
    4.789789790    1.812838453    1.812848769    1.586525558
    4.804804805    1.809843506    1.809853811    1.584948146
    4.819819820    1.806862958    1.806873250    1.583374997
    4.834834835    1.803896733    1.803907013    1.581806113
    4.849849850    1.800944759    1.800955027    1.580241492
    4.864864865    1.798006962    1.798017219    1.578681133
    4.879879880    1.795083270    1.795093514    1.577125036
    4.894894895    1.792173609    1.792183841    1.575573199
    4.909909910    1.789277907    1.789288128    1.574025621
    4.924924925    1.786396093    1.786406301    1.572482301
    4.939939940    1.783528093    1.783538290    1.570943238
    4.954954955    1.780673837    1.780684022    1.569408429
    4.969969970    1.777833253    1.777843426    1.567877872
    4.984984985    1.775006270    1.775016430    1.566351566
    5.000000000    1.772192817    1.772202965    1.564829508
    5.015015015    1.769392823    1.769402959    1.563311696
    5.030030030    1.766606218    1.766616342    1.561798127
    5.045045045    1.763832933    1.763843045    1.560288798
    5.060060060    1.761072896    1.761082996    1.558783707
    5.075075075    1.758326039    1.758336127    1.557282850
    5.090090090    1.755592292    1.755602368    1.555786225
    5.105105105    1.752871587    1.752881651    1.554293827
    5.120120120    1.750163855    1.750173907    1.552805654
    5.135135135    1.747469027    1.747479067    1.551321702
    5.150150150    1.744787036    1.744797063    1.549841968
    5.165165165    1.742117813    1.742127828    1.548366446
    5.180180180    1.739461291    1.739471294    1.546895134
    5.195195195    1.736817403    1.736827394    1.545428027
    5.210210210    1.734186082    1.734196061    1.543965121
    5.225225225    1.731567260    1.731577227    1.542506411
    5.240240240    1.728960873    1.728970828    1.541051894
    5.255255255    1.726366853    1.726376796    1.539601563
    5.270270270    1.723785135    1.723795066    1.538155415
    5.285285285    1.721215654    1.721225572    1.536713445
    5.300300300    1.718658344    1.718668250    1.535275648
    5.315315315    1.716113140    1.716123034    1.533842018
    5.330330330    1.713579978    1.713589860    1.532412550
    5.345345345    1.711058793    1.711068663    1.530987239
    5.360360360    1.708549522    1.708559380    1.529566080
    5.375375375    1.706052101    1.706061946    1.528149066
    5.390390390    1.703566466    1.703576299    1.526736193
    5.405405405    1.701092554    1.701102375    1.525327455
    5.420420420    1.698630303    1.698640112    1.523922845
    5.435435435    1.696179649    1.696189446    1.522522357
    5.450450450    1.693740532    1.693750316    1.521125987
    5.465465465    1.691312888    1.691322660    1.519733727
    5.480480480    1.688896656    1.688906416    1.518345571
    5.495495495    1.686491776    1.686501523    1.516961513
    5.510510511    1.684098185    1.684107920    1.515581546
    5.525525526    1.681715823    1.681725546    1.514205664
    5.540540541    1.679344630    1.679354341    1.512833861
    5.555555556    1.676984546    1.676994245    1.511466129
    5.570570571    1.674635510    1.674645197    1.510102461
    5.585585586    1.672297464    1.672307139    1.508742852
    5.600600601    1.669970348    1.669980010    1.507387294
    5.615615616    1.667654103    1.667663753    1.506035779
    5.630630631    1.665348671    1.665358309    1.504688302
    5.645645646    1.663053992    1.663063618    1.503344854
    5.660660661    1.660770010    1.660779624    1.502005428
    5.675675676    1.658496667    1.658506268    1.500670018
    5.690690691    1.656233904    1.656243494    1.499338615
    5.705705706    1.653981666    1.653991243    1.498011213
    5.720720721    1.651739895    1.651749459    1.496687803
    5.735735736    1.649508534    1.649518086    1.495368378
    5.750750751    1.647287527    1.647297067    1.494052930
    5.765765766    1.645076819    1.645086347    1.492741452
    5.780780781    1.642876353    1.642885869    1.491433936
    5.795795796    1.640686074    1.640695578    1.490130374
    5.810810811    1.638505928    1.638515420    1.488830758
    5.825825826    1.636335859    1.636345339    1.487535080
    5.840840841    1.634175813    1.634185280    1.486243332
    5.855855856    1.632025736    1.632035191    1.484955506
    5.870870871    1.629885574    1.629895016    1.483671593
    5.885885886    1.627755272    1.627764703    1.482391586
    5.900900901    1.625634779    1.625644197    1.481115477
    5.915915916    1.623524040    1.623533446    1.479843256
    5.930930931    1.621423003    1.621432397    1.478574916
    5.945945946    1.619331616    1.619340998    1.477310448
    5.960960961    1.617249826    1.617259195    1.476049844
    5.975975976    1.615177581    1.615186939    1.474793095
    5.990990991    1.613114830    1.613124175    1.473540192
    6.006006006    1.611061522    1.611070855    1.472291128
    6.021021021    1.609017604    1.609026925    1.471045893
    6.036036036    1.606983028    1.606992336    1.469804479
    6.051051051    1.604957741    1.604967037    1.468566877
    6.066066066    1.602941694    1.602950978    1.467333078
    6.081081081    1.600934837    1.600944109    1.466103073
    6.096096096    1.598937120    1.598946379    1.464876854
    6.111111111    1.596948493    1.596957741    1.463654412
    6.126126126    1.594968908    1.594978144    1.462435737
    6.141141141    1.592998316    1.593007539    1.461220822
    6.156156156    1.591036668    1.591045879    1.460009656
    6.171171171    1.589083916    1.589093115    1.458802231
    6.186186186    1.587140011    1.587149198    1.457598537
    6.201201201    1.585204907    1.585214081    1.456398567
    6.216216216    1.583278554    1.583287717    1.455202310
    6.231231231    1.581360907    1.581370058    1.454009757
    6.246246246    1.579451918    1.579461057    1.452820899
    6.261261261    1.577551541    1.577560667    1.451635728
    6.276276276    1.575659729    1.575668843    1.450454234
    6.291291291    1.573776435    1.573785537    1.449276407
    6.306306306    1.571901614    1.571910704    1.448102238
    6.321321321    1.570035221    1.570044298    1.446931718
    6.336336336    1.568177209    1.568186275    1.445764838
    6.351351351    1.566327534    1.566336587    1.444601588
    6.366366366    1.564486151    1.564495192    1.443441959
    6.381381381    1.562653015    1.562662044    1.442285942
    6.396396396    1.560828081    1.560837098    1.441133527
    6.411411411    1.559011306    1.559020311    1.439984705
    6.426426426    1.557202646    1.557211638    1.438839466
    6.441441441    1.555402056    1.555411037    1.437697800
    6.456456456    1.553609494    1.553618463    1.436559699
    6.471471471    1.551824917    1.551833874    1.435425153
    6.486486486    1.550048282    1.550057226    1.434294152
    6.501501502    1.548279545    1.548288477    1.433166687
    6.516516517    1.546518665    1.546527585    1.432042748
    6.531531532    1.544765599    1.544774507    1.430922326
    6.546546547    1.543020306    1.543029202    1.429805411
    6.561561562    1.541282743    1.541291627    1.428691994
    6.576576577    1.539552870    1.539561742    1.427582064
    6.591591592    1.537830645    1.537839505    1.426475613
    6.606606607    1.536116027    1.536124875    1.425372631
    6.621621622    1.534408976    1.534417812    1.424273108
    6.636636637    1.532709451    1.532718275    1.423177034
    6.651651652    1.531017412    1.531026223    1.422084400
    6.666666667    1.529332818    1.529341618    1.420995196
    6.681681682    1.527655630    1.527664418    1.419909413
    6.696696697    1.525985809    1.525994584    1.418827041
    6.711711712    1.524323314    1.524332078    1.417748070
    6.726726727    1.522668108    1.522676860    1.416672491
    6.741741742    1.521020151    1.521028891    1.415600293
    6.756756757    1.519379404    1.519388132    1.414531468
    6.771771772    1.517745829    1.517754545    1.413466005
    6.786786787    1.516119388    1.516128092    1.412403895
    6.801801802    1.514500043    1.514508735    1.411345128
    6.816816817    1.512887756    1.512896436    1.410289695
    6.831831832    1.511282490    1.511291158    1.409237586
    6.846846847    1.509684207    1.509692863    1.408188791
    6.861861862    1.508092870    1.508101514    1.407143300
    6.876876877    1.506508442    1.506517074    1.406101104
    6.891891892    1.504930887    1.504939507    1.405062193
    6.906906907    1.503360168    1.503368777    1.404026557
    6.921921922    1.501796249    1.501804846    1.402994187
    6.936936937    1.500239094    1.500247679    1.401965073
    6.951951952    1.498688667    1.498697240    1.400939205
    6.966966967    1.497144933    1.497153494    1.399916574
    6.981981982    1.495607855    1.495616404    1.398897170
    6.996996997    1.494077400    1.494085937    1.397880983
    7.012012012    1.492553531    1.492562056    1.396868004
    7.027027027    1.491036214    1.491044728    1.395858222
    7.042042042    1.489525415    1.489533917    1.394851630
    7.057057057    1.488021100    1.488029590    1.393848215
    7.072072072    1.486523233    1.486531711    1.392847970
    7.087087087    1.485031781    1.485040247    1.391850884
    7.102102102    1.483546711    1.483555165    1.390856948
    7.117117117    1.482067988    1.482076431    1.389866152
    7.132132132    1.480595579    1.480604010    1.388878486
    7.147147147    1.479129452    1.479137871    1.387893942
    7.162162162    1.477669573    1.477677980    1.386912509
    7.177177177    1.476215909    1.476224305    1.385934177
    7.192192192    1.474768428    1.474776812    1.384958937
    7.207207207    1.473327097    1.473335469    1.383986781
    7.222222222    1.471891884    1.471900245    1.383017697
    7.237237237    1.470462758    1.470471107    1.382051676
    7.252252252    1.469039686    1.469048022    1.381088709
    7.267267267    1.467622636    1.467630961    1.380128787
    7.282282282    1.466211577    1.466219891    1.379171900
    7.297297297    1.464806479    1.464814780    1.378218038
    7.312312312    1.463407309    1.463415599    1.377267191
    7.327327327    1.462014036    1.462022315    1.376319352
    7.342342342    1.460626631    1.460634898    1.375374508
    7.357357357    1.459245063    1.459253318    1.374432653
    7.372372372    1.457869301    1.457877544    1.373493775
    7.387387387    1.456499314    1.456507546    1.372557866
    7.402402402    1.455135074    1.455143294    1.371624916
    7.417417417    1.453776549    1.453784758    1.370694915
    7.432432432    1.452423712    1.452431909    1.369767855
    7.447447447    1.451076531    1.451084716    1.368843726
    7.462462462    1.449734977    1.449743151    1.367922518
    7.477477477    1.448399022    1.448407185    1.367004223
    7.492492492    1.447068637    1.447076788    1.366088830
    7.507507508    1.445743792    1.445751932    1.365176331
    7.522522523    1.444424460    1.444432588    1.364266716
    7.537537538    1.443110611    1.443118727    1.363359976
    7.552552553    1.441802217    1.441810322    1.362456102
    7.567567568    1.440499250    1.440507344    1.361555084
    7.582582583    1.439201683    1.439209765    1.360656913
    7.597597598    1.437909487    1.437917557    1.359761580
    7.612612613    1.436622635    1.436630693    1.358869075
    7.627627628    1.435341099    1.435349146    1.357979390
    7.642642643    1.434064852    1.434072887    1.357092516
    7.657657658    1.432793866    1.432801890    1.356208443
    7.672672673    1.431528115    1.431536128    1.355327161
    7.687687688    1.430267573    1.430275574    1.354448663
    7.702702703    1.429012211    1.429020201    1.353572938
    7.717717718    1.427762005    1.427769983    1.352699978
    7.732732733    1.426516926    1.426524893    1.351829773
    7.747747748    1.425276950    1.425284906    1.350962316
    7.762762763    1.424042049    1.424049994    1.350097595
    7.777777778    1.422812199    1.422820132    1.349235603
    7.792792793    1.421587374    1.421595295    1.348376331
    7.807807808    1.420367547    1.420375457    1.347519769
    7.822822823    1.419152693    1.419160592    1.346665909
    7.837837838    1.417942787    1.417950675    1.345814741
    7.852852853    1.416737804    1.416745681    1.344966257
    7.867867868    1.415537719    1.415545584    1.344120447
    7.882882883    1.414342507    1.414350361    1.343277304
    7.897897898    1.413152143    1.413159985    1.342436818
    7.912912913    1.411966603    1.411974434    1.341598979
    7.927927928    1.410785861    1.410793681    1.340763780
    7.942942943    1.409609895    1.409617704    1.339931212
    7.957957958    1.408438680    1.408446477    1.339101266
    7.972972973    1.407272191    1.407279977    1.338273932
    7.987987988    1.406110405    1.406118180    1.337449203
    8.003003003    1.404953298    1.404961062    1.336627069
    8.018018018    1.403800847    1.403808600    1.335807522
    8.033033033    1.402653027    1.402660769    1.334990553
    8.048048048    1.401509817    1.401517548    1.334176154
    8.063063063    1.400371192    1.400378912    1.333364315
    8.078078078    1.399237130    1.399244838    1.332555029
    8.093093093    1.398107607    1.398115304    1.331748286
    8.108108108    1.396982601    1.396990287    1.330944079
    8.123123123    1.395862089    1.395869764    1.330142398
    8.138138138    1.394746049    1.394753713    1.329343234
    8.153153153    1.393634458    1.393642111    1.328546581
    8.168168168    1.392527294    1.392534936    1.327752428
    8.183183183    1.391424535    1.391432166    1.326960768
    8.198198198    1.390326159    1.390333778    1.326171591
    8.213213213    1.389232143    1.389239752    1.325384891
    8.228228228    1.388142467    1.388150065    1.324600657
    8.243243243    1.387057109    1.387064696    1.323818883
    8.258258258    1.385976047    1.385983622    1.323039558
    8.273273273    1.384899259    1.384906824    1.322262676
    8.288288288    1.383826725    1.383834279    1.321488228
    8.303303303    1.382758424    1.382765966    1.320716205
    8.318318318    1.381694333    1.381701865    1.319946600
    8.333333333    1.380634434    1.380641954    1.319179403
    8.348348348    1.379578704    1.379586213    1.318414608
    8.363363363    1.378527123    1.378534622    1.317652204
    8.378378378    1.377479670    1.377487158    1.316892186
    8.393393393    1.376436326    1.376443803    1.316134543
    8.408408408    1.375397070    1.375404536    1.315379268
    8.423423423    1.374361881    1.374369337    1.314626354
    8.438438438    1.373330740    1.373338185    1.313875791
    8.453453453    1.372303627    1.372311061    1.313127572
    8.468468468    1.371280521    1.371287945    1.312381689
    8.483483483    1.370261404    1.370268817    1.311638134
    8.498498498    1.369246256    1.369253657    1.310896898
    8.513513514    1.368235056    1.368242447    1.310157975
    8.528528529    1.367227786    1.367235166    1.309421355
    8.543543544    1.366224427    1.366231796    1.308687030
    8.558558559    1.365224959    1.365232318    1.307954994
    8.573573574    1.364229364    1.364236711    1.307225238
    8.588588589    1.363237621    1.363244958    1.306497754
    8.603603604    1.362249713    1.362257040    1.305772535
    8.618618619    1.361265621    1.361272937    1.305049572
    8.633633634    1.360285327    1.360292631    1.304328858
    8.648648649    1.359308810    1.359316105    1.303610384
    8.663663664    1.358336055    1.358343338    1.302894145
    8.678678679    1.357367041    1.357374314    1.302180130
    8.693693694    1.356401751    1.356409013    1.301468334
    8.708708709    1.355440167    1.355447418    1.300758747
    8.723723724    1.354482270    1.354489511    1.300051363
    8.738738739    1.353528043    1.353535274    1.299346174
    8.753753754    1.352577469    1.352584689    1.298643173
    8.768768769    1.351630529    1.351637738    1.297942351
    8.783783784    1.350687206    1.350694405    1.297243701
    8.798798799    1.349747482    1.349754670    1.296547215
    8.813813814    1.348811340    1.348818518    1.295852887
    8.828828829    1.347878763    1.347885930    1.295160708
    8.843843844    1.346949733    1.346956890    1.294470672
    8.858858859    1.346024234    1.346031380    1.293782770
    8.873873874    1.345102248    1.345109384    1.293096995
    8.888888889    1.344183759    1.344190885    1.292413340
    8.903903904    1.343268750    1.343275865    1.291731797
    8.918918919    1.342357204    1.342364309    1.291052360
    8.933933934    1.341449104    1.341456199    1.290375020
    8.948948949    1.340544435    1.340551519    1.289699771
    8.963963964    1.339643179    1.339650252    1.289026605
    8.978978979    1.338745320    1.338752383    1.288355515
    8.993993994    1.337850842    1.337857895    1.287686494
    9.009009009    1.336959729    1.336966772    1.287019534
    9.024024024    1.336071965    1.336078997    1.286354628
    9.039039039    1.335187534    1.335194556    1.285691770
    9.054054054    1.334306420    1.334313431    1.285030951
    9.069069069    1.333428607    1.333435608    1.284372166
    9.084084084    1.332554079    1.332561070    1.283715406
    9.099099099    1.331682822    1.331689802    1.283060665
    9.114114114    1.330814818    1.330821789    1.282407935
    9.129129129    1.329950054    1.329957014    1.281757210
    9.144144144    1.329088514    1.329095463    1.281108482
    9.159159159    1.328230181    1.328237121    1.280461746
    9.174174174    1.327375042    1.327381972    1.279816992
    9.189189189    1.326523082    1.326530001    1.279174216
    9.204204204    1.325674284    1.325681193    1.278533409
    9.219219219    1.324828634    1.324835533    1.277894565
    9.234234234    1.323986118    1.323993007    1.277257677
    9.249249249    1.323146721    1.323153599    1.276622739
    9.264264264    1.322310427    1.322317296    1.275989742
    9.279279279    1.321477223    1.321484081    1.275358682
    9.294294294    1.320647094    1.320653942    1.274729550
    9.309309309    1.319820025    1.319826863    1.274102340
    9.324324324    1.318996002    1.319002830    1.273477045
    9.339339339    1.318175011    1.318181829    1.272853659
    9.354354354    1.317357037    1.317363845    1.272232175
    9.369369369    1.316542067    1.316548865    1.271612586
    9.384384384    1.315730087    1.315736875    1.270994885
    9.399399399    1.314921082    1.314927860    1.270379067
    9.414414414    1.314115039    1.314121807    1.269765124
    9.429429429    1.313311943    1.313318702    1.269153050
    9.444444444    1.312511782    1.312518530    1.268542837
    9.459459459    1.311714541    1.311721280    1.267934481
    9.474474474    1.310920208    1.310926936    1.267327974
    9.489489489    1.310128767    1.310135486    1.266723309
    9.504504505    1.309340207    1.309346915    1.266120481
    9.519519520    1.308554513    1.308561212    1.265519483
    9.534534535    1.307771673    1.307778362    1.264920308
    9.549549550    1.306991673    1.306998352    1.264322949
    9.564564565    1.306214500    1.306221169    1.263727402
    9.579579580    1.305440141    1.305446800    1.263133659
    9.594594595    1.304668582    1.304675232    1.262541713
    9.609609610    1.303899812    1.303906452    1.261951560
    9.624624625    1.303133818    1.303140448    1.261363191
    9.639639640    1.302370586    1.302377206    1.260776602
    9.654654655    1.301610103    1.301616713    1.260191785
    9.669669670    1.300852358    1.300858958    1.259608735
    9.684684685    1.300097337    1.300103928    1.259027446
    9.699699700    1.299345028    1.299351610    1.258447910
    9.714714715    1.298595420    1.298601991    1.257870123
    9.729729730    1.297848498    1.297855060    1.257294077
    9.744744745    1.297104251    1.297110803    1.256719768
    9.759759760    1.296362668    1.296369210    1.256147188
    9.774774775    1.295623734    1.295630267    1.255576332
    9.789789790    1.294887440    1.294893963    1.255007193
    9.804804805    1.294153772    1.294160285    1.254439766
    9.819819820    1.293422718    1.293429222    1.253874044
    9.834834835    1.292694267    1.292700762    1.253310022
    9.849849850    1.291968407    1.291974892    1.252747694
    9.864864865    1.291245126    1.291251602    1.252187053
    9.879879880    1.290524413    1.290530878    1.251628094
    9.894894895    1.289806255    1.289812711    1.251070810
    9.909909910    1.289090641    1.289097088    1.250515197
    9.924924925    1.288377560    1.288383997    1.249961248
    9.939939940    1.287667000    1.287673428    1.249408957
    9.954954955    1.286958950    1.286965368    1.248858318
    9.969969970    1.286253398    1.286259807    1.248309326
    9.984984985    1.285550334    1.285556733    1.247761975
   10.000000000    1.284849745    1.284856135    1.247216259
   10.015015015    1.284151622    1.284158002    1.246672172
   10.030030030    1.283455952    1.283462323    1.246129709
   10.045045045    1.282762725    1.282769086    1.245588864
   10.060060060    1.282071930    1.282078282    1.245049631
   10.075075075    1.281383555    1.281389898    1.244512005
   10.090090090    1.280697591    1.280703924    1.243975980
   10.105105105    1.280014025    1.280020349    1.243441550
   10.120120120    1.279332848    1.279339163    1.242908710
   10.135135135    1.278654050    1.278660355    1.242377454
   10.150150150    1.277977618    1.277983914    1.241847777
   10.165165165    1.277303543    1.277309829    1.241319672
   10.180180180    1.276631813    1.276638091    1.240793136
   10.195195195    1.275962420    1.275968688    1.240268161
   10.210210210    1.275295352    1.275301611    1.239744744
   10.225225225    1.274630599    1.274636849    1.239222877
   10.240240240    1.273968150    1.273974391    1.238702556
   10.255255255    1.273307996    1.273314228    1.238183776
   10.270270270    1.272650126    1.272656348    1.237666530
   10.285285285    1.271994530    1.272000744    1.237150814
   10.300300300    1.271341199    1.271347403    1.236636623
   10.315315315    1.270690121    1.270696316    1.236123950
   10.330330330    1.270041287    1.270047473    1.235612791
   10.345345345    1.269394688    1.269400865    1.235103140
   10.360360360    1.268750313    1.268756480    1.234594992
   10.375375375    1.268108152    1.268114311    1.234088341
   10.390390390    1.267468196    1.267474346    1.233583183
   10.405405405    1.266830436    1.266836576    1.233079513
   10.420420420    1.266194860    1.266200992    1.232577325
   10.435435435    1.265561461    1.265567583    1.232076613
   10.450450450    1.264930228    1.264936341    1.231577373
   10.465465465    1.264301151    1.264307255    1.231079600
   10.480480480    1.263674222    1.263680317    1.230583289
   10.495495495    1.263049431    1.263055517    1.230088433
   10.510510511    1.262426768    1.262432845    1.229595029
   10.525525526    1.261806224    1.261812293    1.229103072
   10.540540541    1.261187791    1.261193850    1.228612555
   10.555555556    1.260571459    1.260577509    1.228123474
   10.570570571    1.259957218    1.259963259    1.227635825
   10.585585586    1.259345059    1.259351092    1.227149602
   10.600600601    1.258734974    1.258740998    1.226664800
   10.615615616    1.258126954    1.258132969    1.226181414
   10.630630631    1.257520989    1.257526995    1.225699439
   10.645645646    1.256917071    1.256923068    1.225218871
   10.660660661    1.256315191    1.256321179    1.224739704
   10.675675676    1.255715339    1.255721319    1.224261934
   10.690690691    1.255117508    1.255123479    1.223785556
   10.705705706    1.254521688    1.254527650    1.223310564
   10.720720721    1.253927871    1.253933824    1.222836954
   10.735735736    1.253336048    1.253341992    1.222364722
   10.750750751    1.252746210    1.252752146    1.221893862
   10.765765766    1.252158349    1.252164276    1.221424370
   10.780780781    1.251572457    1.251578375    1.220956240
   10.795795796    1.250988524    1.250994434    1.220489469
   10.810810811    1.250406544    1.250412444    1.220024051
   10.825825826    1.249826506    1.249832398    1.219559982
   10.840840841    1.249248403    1.249254287    1.219097257
   10.855855856    1.248672227    1.248678102    1.218635871
   10.870870871    1.248097969    1.248103835    1.218175820
   10.885885886    1.247525621    1.247531478    1.217717099
   10.900900901    1.246955175    1.246961024    1.217259703
   10.915915916    1.246386623    1.246392463    1.216803629
   10.930930931    1.245819956    1.245825788    1.216348870
   10.945945946    1.245255167    1.245260990    1.215895424
   10.960960961    1.244692248    1.244698063    1.215443284
   10.975975976    1.244131191    1.244136997    1.214992447
   10.990990991    1.243571987    1.243577785    1.214542908
   11.006006006    1.243014629    1.243020418    1.214094663
   11.021021021    1.242459110    1.242464890    1.213647707
   11.036036036    1.241905420    1.241911192    1.213202036
   11.051051051    1.241353554    1.241359317    1.212757645
   11.066066066    1.240803502    1.240809257    1.212314529
   11.081081081    1.240255257    1.240261004    1.211872686
   11.096096096    1.239708812    1.239714550    1.211432109
   11.111111111    1.239164158    1.239169888    1.210992794
   11.126126126    1.238621290    1.238627011    1.210554738
   11.141141141    1.238080198    1.238085911    1.210117936
   11.156156156    1.237540875    1.237546580    1.209682383
   11.171171171    1.237003314    1.237009010    1.209248076
   11.186186186    1.236467508    1.236473196    1.208815009
   11.201201201    1.235933449    1.235939128    1.208383179
   11.216216216    1.235401129    1.235406801    1.207952582
   11.231231231    1.234870543    1.234876206    1.207523212
   11.246246246    1.234341681    1.234347336    1.207095067
   11.261261261    1.233814538    1.233820184    1.206668141
   11.276276276    1.233289105    1.233294743    1.206242431
   11.291291291    1.232765376    1.232771006    1.205817932
   11.306306306    1.232243344    1.232248966    1.205394640
   11.321321321    1.231723001    1.231728615    1.204972551
   11.336336336    1.231204341    1.231209946    1.204551661
   11.351351351    1.230687356    1.230692953    1.204131966
   11.366366366    1.230172040    1.230177629    1.203713461
   11.381381381    1.229658385    1.229663966    1.203296143
   11.396396396    1.229146385    1.229151958    1.202880007
   11.411411411    1.228636033    1.228641598    1.202465049
   11.426426426    1.228127322    1.228132878    1.202051266
   11.441441441    1.227620245    1.227625793    1.201638653
   11.456456456    1.227114795    1.227120335    1.201227206
   11.471471471    1.226610966    1.226616498    1.200816922
   11.486486486    1.226108751    1.226114275    1.200407796
   11.501501502    1.225608144    1.225613660    1.199999824
   11.516516517    1.225109137    1.225114645    1.199593002
   11.531531532    1.224611724    1.224617224    1.199187327
   11.546546547    1.224115899    1.224121391    1.198782794
   11.561561562    1.223621655    1.223627138    1.198379400
   11.576576577    1.223128985    1.223134461    1.197977141
   11.591591592    1.222637883    1.222643351    1.197576012
   11.606606607    1.222148343    1.222153803    1.197176010
   11.621621622    1.221660359    1.221665810    1.196777131
   11.636636637    1.221173923    1.221179366    1.196379372
   11.651651652    1.220689029    1.220694465    1.195982728
   11.666666667    1.220205672    1.220211100    1.195587195
   11.681681682    1.219723845    1.219729265    1.195192770
   11.696696697    1.219243541    1.219248953    1.194799449
   11.711711712    1.218764755    1.218770159    1.194407229
   11.726726727    1.218287480    1.218292876    1.194016105
   11.741741742    1.217811710    1.217817099    1.193626073
   11.756756757    1.217337440    1.217342820    1.193237131
   11.771771772    1.216864662    1.216870035    1.192849274
   11.786786787    1.216393371    1.216398736    1.192462499
   11.801801802    1.215923561    1.215928918    1.192076801
   11.816816817    1.215455226    1.215460575    1.191692178
   11.831831832    1.214988359    1.214993701    1.191308625
   11.846846847    1.214522956    1.214528290    1.190926140
   11.861861862    1.214059009    1.214064335    1.190544717
   11.876876877    1.213596514    1.213601832    1.190164355
   11.891891892    1.213135464    1.213140774    1.189785048
   11.906906907    1.212675853    1.212681156    1.189406794
   11.921921922    1.212217676    1.212222971    1.189029589
   11.936936937    1.211760927    1.211766214    1.188653430
   11.951951952    1.211305599    1.211310879    1.188278312
   11.966966967    1.210851689    1.210856961    1.187904233
   11.981981982    1.210399189    1.210404453    1.187531188
   11.996996997    1.209948094    1.209953350    1.187159175
   12.012012012    1.209498398    1.209503647    1.186788190
   12.027027027    1.209050096    1.209055338    1.186418229
   12.042042042    1.208603183    1.208608417    1.186049288
   12.057057057    1.208157652    1.208162878    1.185681366
   12.072072072    1.207713498    1.207718717    1.185314457
   12.087087087    1.207270716    1.207275927    1.184948559
   12.102102102    1.206829300    1.206834504    1.184583667
   12.117117117    1.206389245    1.206394441    1.184219780
   12.132132132    1.205950545    1.205955733    1.183856893
   12.147147147    1.205513195    1.205518376    1.183495003
   12.162162162    1.205077190    1.205082363    1.183134107
   12.177177177    1.204642523    1.204647690    1.182774201
   12.192192192    1.204209191    1.204214350    1.182415281
   12.207207207    1.203777188    1.203782339    1.182057346
   12.222222222    1.203346507    1.203351651    1.181700390
   12.237237237    1.202917145    1.202922281    1.181344412
   12.252252252    1.202489096    1.202494225    1.180989407
   12.267267267    1.202062354    1.202067476    1.180635373
   12.282282282    1.201636915    1.201642030    1.180282306
   12.297297297    1.201212774    1.201217881    1.179930203
   12.312312312    1.200789925    1.200795024    1.179579061
   12.327327327    1.200368363    1.200373455    1.179228876
   12.342342342    1.199948083    1.199953167    1.178879645
   12.357357357    1.199529080    1.199534157    1.178531365
   12.372372372    1.199111349    1.199116419    1.178184034
   12.387387387    1.198694886    1.198699948    1.177837647
   12.402402402    1.198279684    1.198284740    1.177492201
   12.417417417    1.197865740    1.197870788    1.177147694
   12.432432432    1.197453048    1.197458089    1.176804122
   12.447447447    1.197041604    1.197046637    1.176461482
   12.462462462    1.196631401    1.196636428    1.176119771
   12.477477477    1.196222437    1.196227456    1.175778986
   12.492492492    1.195814705    1.195819717    1.175439124
   12.507507508    1.195408202    1.195413206    1.175100181
   12.522522523    1.195002921    1.195007918    1.174762156
   12.537537538    1.194598859    1.194603849    1.174425043
   12.552552553    1.194196011    1.194200994    1.174088841
   12.567567568    1.193794371    1.193799347    1.173753547
   12.582582583    1.193393937    1.193398905    1.173419157
   12.597597598    1.192994701    1.192999663    1.173085669
   12.612612613    1.192596661    1.192601615    1.172753079
   12.627627628    1.192199811    1.192204758    1.172421385
   12.642642643    1.191804147    1.191809087    1.172090583
   12.657657658    1.191409664    1.191414597    1.171760670
   12.672672673    1.191016357    1.191021283    1.171431644
   12.687687688    1.190624223    1.190629142    1.171103502
   12.702702703    1.190233256    1.190238168    1.170776241
   12.717717718    1.189843452    1.189848357    1.170449857
   12.732732733    1.189454807    1.189459705    1.170124348
   12.747747748    1.189067316    1.189072207    1.169799711
   12.762762763    1.188680975    1.188685858    1.169475943
   12.777777778    1.188295778    1.188300655    1.169153041
   12.792792793    1.187911723    1.187916593    1.168831003
   12.807807808    1.187528804    1.187533667    1.168509825
   12.822822823    1.187147018    1.187151874    1.168189505
   12.837837838    1.186766359    1.186771208    1.167870039
   12.852852853    1.186386824    1.186391666    1.167551426
   12.867867868    1.186008407    1.186013242    1.167233661
   12.882882883    1.185631106    1.185635934    1.166916743
   12.897897898    1.185254916    1.185259737    1.166600669
   12.912912913    1.184879832    1.184884646    1.166285435
   12.927927928    1.184505850    1.184510657    1.165971039
   12.942942943    1.184132966    1.184137767    1.165657478
   12.957957958    1.183761176    1.183765970    1.165344750
   12.972972973    1.183390476    1.183395263    1.165032852
   12.987987988    1.183020861    1.183025641    1.164721781
   13.003003003    1.182652328    1.182657101    1.164411534
   13.018018018    1.182284872    1.182289638    1.164102108
   13.033033033    1.181918489    1.181923249    1.163793501
   13.048048048    1.181553176    1.181557929    1.163485711
   13.063063063    1.181188927    1.181193674    1.163178734
   13.078078078    1.180825740    1.180830480    1.162872568
   13.093093093    1.180463610    1.180468343    1.162567210
   13.108108108    1.180102533    1.180107259    1.162262658
   13.123123123    1.179742506    1.179747225    1.161958908
   13.138138138    1.179383523    1.179388236    1.161655959
   13.153153153    1.179025582    1.179030288    1.161353807
   13.168168168    1.178668679    1.178673378    1.161052451
   13.183183183    1.178312808    1.178317501    1.160751886
   13.198198198    1.177957968    1.177962653    1.160452112
   13.213213213    1.177604153    1.177608832    1.160153125
   13.228228228    1.177251360    1.177256032    1.159854923
   13.243243243    1.176899585    1.176904251    1.159557502
   13.258258258    1.176548824    1.176553483    1.159260862
   13.273273273    1.176199074    1.176203727    1.158964998
   13.288288288    1.175850331    1.175854977    1.158669909
   13.303303303    1.175502590    1.175507230    1.158375592
   13.318318318    1.175155849    1.175160482    1.158082044
   13.333333333    1.174810103    1.174814729    1.157789263
   13.348348348    1.174465349    1.174469969    1.157497247
   13.363363363    1.174121583    1.174126196    1.157205992
   13.378378378    1.173778802    1.173783408    1.156915498
   13.393393393    1.173437001    1.173441601    1.156625760
   13.408408408    1.173096177    1.173100771    1.156336776
   13.423423423    1.172756327    1.172760914    1.156048545
   13.438438438    1.172417447    1.172422028    1.155761064
   13.453453453    1.172079533    1.172084107    1.155474330
   13.468468468    1.171742582    1.171747150    1.155188340
   13.483483483    1.171406590    1.171411152    1.154903093
   13.498498498    1.171071554    1.171076109    1.154618586
   13.513513514    1.170737470    1.170742018    1.154334817
   13.528528529    1.170404334    1.170408876    1.154051783
   13.543543544    1.170072144    1.170076679    1.153769482
   13.558558559    1.169740895    1.169745424    1.153487911
   13.573573574    1.169410584    1.169415107    1.153207068
   13.588588589    1.169081208    1.169085725    1.152926952
   13.603603604    1.168752764    1.168757274    1.152647558
   13.618618619    1.168425247    1.168429751    1.152368886
   13.633633634    1.168098655    1.168103152    1.152090932
   13.648648649    1.167772984    1.167777475    1.151813695
   13.663663664    1.167448230    1.167452715    1.151537172
   13.678678679    1.167124391    1.167128869    1.151261361
   13.693693694    1.166801463    1.166805935    1.150986260
   13.708708709    1.166479442    1.166483908    1.150711866
   13.723723724    1.166158326    1.166162786    1.150438177
   13.738738739    1.165838112    1.165842565    1.150165190
   13.753753754    1.165518794    1.165523241    1.149892904
   13.768768769    1.165200372    1.165204812    1.149621317
   13.783783784    1.164882841    1.164887275    1.149350425
   13.798798799    1.164566197    1.164570625    1.149080227
   13.813813814    1.164250439    1.164254861    1.148810721
   13.828828829    1.163935562    1.163939978    1.148541904
   13.843843844    1.163621564    1.163625973    1.148273774
   13.858858859    1.163308440    1.163312844    1.148006330
   13.873873874    1.162996189    1.163000587    1.147739567
   13.888888889    1.162684807    1.162689198    1.147473486
   13.903903904    1.162374291    1.162378676    1.147208083
   13.918918919    1.162064637    1.162069016    1.146943356
   13.933933934    1.161755843    1.161760216    1.146679303
   13.948948949    1.161447905    1.161452272    1.146415922
   13.963963964    1.161140821    1.161145181    1.146153211
   13.978978979    1.160834587    1.160838941    1.145891168
   13.993993994    1.160529200    1.160533548    1.145629790
   14.009009009    1.160224657    1.160228999    1.145369075
   14.024024024    1.159920956    1.159925292    1.145109022
   14.039039039    1.159618092    1.159622422    1.144849628
   14.054054054    1.159316064    1.159320388    1.144590891
   14.069069069    1.159014868    1.159019186    1.144332809
   14.084084084    1.158714501    1.158718813    1.144075380
   14.099099099    1.158414960    1.158419266    1.143818602
   14.114114114    1.158116243    1.158120543    1.143562472
   14.129129129    1.157818345    1.157822639    1.143306990
   14.144144144    1.157521265    1.157525554    1.143052152
   14.159159159    1.157225000    1.157229282    1.142797956
   14.174174174    1.156929546    1.156933822    1.142544402
   14.189189189    1.156634901    1.156639171    1.142291486
   14.204204204    1.156341062    1.156345326    1.142039206
   14.219219219    1.156048026    1.156052284    1.141787561
   14.234234234    1.155755789    1.155760042    1.141536549
   14.249249249    1.155464350    1.155468597    1.141286167
   14.264264264    1.155173706    1.155177946    1.141036414
   14.279279279    1.154883853    1.154888087    1.140787287
   14.294294294    1.154594789    1.154599017    1.140538785
   14.309309309    1.154306510    1.154310733    1.140290906
   14.324324324    1.154019015    1.154023233    1.140043647
   14.339339339    1.153732301    1.153736512    1.139797007
   14.354354354    1.153446364    1.153450570    1.139550984
   14.369369369    1.153161203    1.153165402    1.139305575
   14.384384384    1.152876813    1.152881007    1.139060780
   14.399399399    1.152593193    1.152597381    1.138816596
   14.414414414    1.152310340    1.152314522    1.138573020
   14.429429429    1.152028251    1.152032427    1.138330052
   14.444444444    1.151746923    1.151751094    1.138087689
   14.459459459    1.151466355    1.151470519    1.137845930
   14.474474474    1.151186542    1.151190701    1.137604771
   14.489489489    1.150907483    1.150911636    1.137364213
   14.504504505    1.150629174    1.150633322    1.137124252
   14.519519520    1.150351614    1.150355756    1.136884887
   14.534534535    1.150074800    1.150078936    1.136646116
   14.549549550    1.149798728    1.149802858    1.136407938
   14.564564565    1.149523397    1.149527522    1.136170349
   14.579579580    1.149248803    1.149252922    1.135933349
   14.594594595    1.148974945    1.148979059    1.135696936
   14.609609610    1.148701820    1.148705927    1.135461107
   14.624624625    1.148429424    1.148433526    1.135225861
   14.639639640    1.148157756    1.148161853    1.134991197
   14.654654655    1.147886814    1.147890905    1.134757112
   14.669669670    1.147616593    1.147620679    1.134523604
   14.684684685    1.147347093    1.147351173    1.134290672
   14.699699700    1.147078311    1.147082385    1.134058314
   14.714714715    1.146810243    1.146814312    1.133826528
   14.729729730    1.146542888    1.146546951    1.133595313
   14.744744745    1.146276243    1.146280301    1.133364666
   14.759759760    1.146010306    1.146014358    1.133134586
   14.774774775    1.145745074    1.145749120    1.132905071
   14.789789790    1.145480545    1.145484586    1.132676120
   14.804804805    1.145216716    1.145220751    1.132447730
   14.819819820    1.144953585    1.144957615    1.132219900
   14.834834835    1.144691150    1.144695174    1.131992628
   14.849849850    1.144429408    1.144433426    1.131765912
   14.864864865    1.144168356    1.144172369    1.131539752
   14.879879880    1.143907993    1.143912001    1.131314144
   14.894894895    1.143648317    1.143652318    1.131089087
   14.909909910    1.143389323    1.143393320    1.130864580
   14.924924925    1.143131011    1.143135002    1.130640621
   14.939939940    1.142873378    1.142877364    1.130417209
   14.954954955    1.142616422    1.142620402    1.130194340
   14.969969970    1.142360140    1.142364115    1.129972015
   14.984984985    1.142104531    1.142108500    1.129750231
   15.000000000    1.141849591    1.141853555    1.129528986
