# energy grid [eV]  eels components [arbitrary units]
#
    0.000000000    0.000000000    0.000000000    0.000000000
    0.015015015    0.000019437    0.000020830    0.000021160
    0.030030030    0.000038912    0.000041716    0.000042382
    0.045045045    0.000058461    0.000062717    0.000063727
    0.060060060    0.000078126    0.000083893    0.000085262
    0.075075075    0.000097947    0.000105312    0.000107060
    0.090090090    0.000117973    0.000127047    0.000129199
    0.105105105    0.000138254    0.000149182    0.000151771
    0.120120120    0.000158849    0.000171813    0.000174883
    0.135135135    0.000179828    0.000195058    0.000198662
    0.150150150    0.000201271    0.000219056    0.000223260
    0.165165165    0.000223278    0.000243982    0.000248870
    0.180180180    0.000245969    0.000270055    0.000275733
    0.195195195    0.000269499    0.000297560    0.000304164
    0.210210210    0.000294068    0.000326871    0.000334577
    0.225225225    0.000319939    0.000358495    0.000367534
    0.240240240    0.000347471    0.000393135    0.000403813
    0.255255255    0.000377166    0.000431784    0.000444519
    0.270270270    0.000409740    0.000475883    0.000491255
    0.285285285    0.000446236    0.000527559    0.000546388
    0.300300300    0.000488183    0.000589958    0.000613426
    0.315315315    0.000537739    0.000667576    0.000697387
    0.330330330    0.000597520    0.000765946    0.000804481
    0.345345345    0.000669006    0.000888445    0.000938601
    0.360360360    0.000747575    0.001025849    0.001089735
    0.375375375    0.000817487    0.001144399    0.001220278
    0.390390390    0.000865055    0.001211392    0.001292746
    0.405405405    0.000902042    0.001248537    0.001330376
    0.420420420    0.000952879    0.001308992    0.001393014
    0.435435435    0.001031086    0.001423646    0.001516125
    0.450450450    0.001133964    0.001587813    0.001695295
    0.465465465    0.001242603    0.001759730    0.001884223
    0.480480480    0.001334639    0.001882514    0.002017738
    0.495495495    0.001407119    0.001932717    0.002065768
    0.510510511    0.001483439    0.001945597    0.002064779
    0.525525526    0.001592073    0.001973584    0.002073129
    0.540540541    0.001743695    0.002032484    0.002108313
    0.555555556    0.001933121    0.002124700    0.002174860
    0.570570571    0.002134557    0.002250229    0.002280110
    0.585585586    0.002315950    0.002382635    0.002399580
    0.600600601    0.002474105    0.002485642    0.002488435
    0.615615616    0.002603573    0.002547854    0.002533746
    0.630630631    0.002678988    0.002594981    0.002574132
    0.645645646    0.002712106    0.002669208    0.002658284
    0.660660661    0.002743812    0.002791937    0.002802060
    0.675675676    0.002790329    0.002955878    0.002992866
    0.690690691    0.002859526    0.003148846    0.003214896
    0.705705706    0.002953998    0.003347312    0.003439498
    0.720720721    0.003072260    0.003531700    0.003642469
    0.735735736    0.003222188    0.003715305    0.003836965
    0.750750751    0.003399401    0.003921230    0.004052198
    0.765765766    0.003590248    0.004151309    0.004294839
    0.780780781    0.003796818    0.004393144    0.004549576
    0.795795796    0.004025908    0.004635845    0.004800155
    0.810810811    0.004256005    0.004857734    0.005023553
    0.825825826    0.004465440    0.005040626    0.005201965
    0.840840841    0.004669128    0.005188116    0.005335033
    0.855855856    0.004889734    0.005314166    0.005433009
    0.870870871    0.005144585    0.005446137    0.005526253
    0.885885886    0.005458580    0.005614419    0.005647902
    0.900900901    0.005831410    0.005812946    0.005792297
    0.915915916    0.006198259    0.005983645    0.005906877
    0.930930931    0.006502326    0.006094630    0.005969102
    0.945945946    0.006734951    0.006159550    0.005998020
    0.960960961    0.006883426    0.006184080    0.006001631
    0.975975976    0.006921670    0.006167331    0.005981617
    0.990990991    0.006849566    0.006122553    0.005950323
    1.006006006    0.006706932    0.006060911    0.005910739
    1.021021021    0.006543769    0.005984584    0.005855508
    1.036036036    0.006391140    0.005906437    0.005794778
    1.051051051    0.006272821    0.005857901    0.005762053
    1.066066066    0.006205764    0.005862579    0.005782415
    1.081081081    0.006178679    0.005920814    0.005858779
    1.096096096    0.006170847    0.006018506    0.005979061
    1.111111111    0.006161188    0.006119835    0.006105352
    1.126126126    0.006133782    0.006183362    0.006190947
    1.141141141    0.006102003    0.006208633    0.006231305
    1.156156156    0.006094449    0.006231144    0.006262534
    1.171171171    0.006096312    0.006249580    0.006286306
    1.186186186    0.006077448    0.006234976    0.006273850
    1.201201201    0.006043628    0.006192679    0.006230146
    1.216216216    0.006004477    0.006138693    0.006172863
    1.231231231    0.005950580    0.006065406    0.006094948
    1.246246246    0.005887658    0.005980808    0.006004913
    1.261261261    0.005845692    0.005920823    0.005940275
    1.276276276    0.005836388    0.005899591    0.005915937
    1.291291291    0.005858967    0.005914681    0.005929045
    1.306306306    0.005922280    0.005972138    0.005984930
    1.321321321    0.006029843    0.006070848    0.006081329
    1.336336336    0.006173201    0.006199415    0.006206085
    1.351351351    0.006345270    0.006352691    0.006354536
    1.366366366    0.006543145    0.006535620    0.006533576
    1.381381381    0.006765225    0.006755355    0.006752534
    1.396396396    0.007004080    0.007003531    0.007002942
    1.411411411    0.007241170    0.007252873    0.007255404
    1.426426426    0.007469212    0.007490658    0.007495707
    1.441441441    0.007703792    0.007733450    0.007740587
    1.456456456    0.007956144    0.007995706    0.008005351
    1.471471471    0.008211809    0.008262542    0.008275082
    1.486486486    0.008446654    0.008506954    0.008521997
    1.501501502    0.008665043    0.008736468    0.008754311
    1.516516517    0.008908262    0.008996060    0.009017942
    1.531531532    0.009207902    0.009310096    0.009335536
    1.546546547    0.009546977    0.009646862    0.009671675
    1.561561562    0.009893237    0.009973580    0.009993416
    1.576576577    0.010249165    0.010307107    0.010321259
    1.591591592    0.010619822    0.010663440    0.010674003
    1.606606607    0.010985084    0.011028288    0.011038764
    1.621621622    0.011333414    0.011393329    0.011408004
    1.636636637    0.011663024    0.011756736    0.011779924
    1.651651652    0.011990730    0.012133227    0.012168703
    1.666666667    0.012340680    0.012532566    0.012580431
    1.681681682    0.012708378    0.012919617    0.012972076
    1.696696697    0.013056111    0.013236112    0.013280328
    1.711711712    0.013352059    0.013465815    0.013493366
    1.726726727    0.013605423    0.013654643    0.013666350
    1.741741742    0.013845976    0.013856309    0.013858610
    1.756756757    0.014084513    0.014077338    0.014075397
    1.771771772    0.014340627    0.014318436    0.014312637
    1.786786787    0.014669512    0.014613386    0.014598954
    1.801801802    0.015069530    0.014943135    0.014911484
    1.816816817    0.015444695    0.015222678    0.015168107
    1.831831832    0.015717989    0.015410816    0.015335968
    1.846846847    0.015867453    0.015506534    0.015418794
    1.861861862    0.015899518    0.015519445    0.015426855
    1.876876877    0.015852939    0.015475734    0.015383499
    1.891891892    0.015764248    0.015383169    0.015289673
    1.906906907    0.015621021    0.015234491    0.015138887
    1.921921922    0.015388674    0.015042557    0.014955374
    1.936936937    0.015075790    0.014835495    0.014773377
    1.951951952    0.014783100    0.014666927    0.014636050
    1.966966967    0.014618883    0.014591845    0.014584209
    1.981981982    0.014630668    0.014649597    0.014654077
    1.996996997    0.014832987    0.014865552    0.014873620
    2.012012012    0.015194453    0.015211034    0.015215049
    2.027027027    0.015624836    0.015606556    0.015601749
    2.042042042    0.016030595    0.015972626    0.015957808
    2.057057057    0.016323192    0.016229921    0.016206147
    2.072072072    0.016430363    0.016327084    0.016300544
    2.087087087    0.016373828    0.016309491    0.016292448
    2.102102102    0.016242368    0.016260037    0.016263799
    2.117117117    0.016099152    0.016198266    0.016223127
    2.132132132    0.015968342    0.016111926    0.016148396
    2.147147147    0.015852772    0.015991212    0.016026440
    2.162162162    0.015749230    0.015841324    0.015864811
    2.177177177    0.015684492    0.015724406    0.015734689
    2.192192192    0.015701115    0.015717393    0.015721603
    2.207207207    0.015826939    0.015845424    0.015850093
    2.222222222    0.016043619    0.016062483    0.016067217
    2.237237237    0.016287203    0.016300893    0.016304262
    2.252252252    0.016531158    0.016553942    0.016559435
    2.267267267    0.016820942    0.016867546    0.016878898
    2.282282282    0.017164673    0.017238402    0.017256608
    2.297297297    0.017467363    0.017579255    0.017607283
    2.312312312    0.017671486    0.017845364    0.017889323
    2.327327327    0.017844582    0.018098799    0.018163347
    2.342342342    0.018021387    0.018348592    0.018431841
    2.357357357    0.018147927    0.018513693    0.018606746
    2.372372372    0.018224277    0.018606832    0.018704035
    2.387387387    0.018290894    0.018724878    0.018835087
    2.402402402    0.018302408    0.018856866    0.018997673
    2.417417417    0.018221475    0.018921018    0.019097827
    2.432432432    0.018139189    0.018927404    0.019123924
    2.447447447    0.018152246    0.018921302    0.019109064
    2.462462462    0.018247699    0.018896357    0.019050823
    2.477477477    0.018380235    0.018846099    0.018953779
    2.492492492    0.018534285    0.018775047    0.018827663
    2.507507508    0.018700926    0.018676600    0.018666500
    2.522522523    0.018881342    0.018582735    0.018508947
    2.537537538    0.019077319    0.018552952    0.018426707
    2.552552553    0.019267223    0.018599875    0.018439667
    2.567567568    0.019458634    0.018722163    0.018544664
    2.582582583    0.019659742    0.018907030    0.018724594
    2.597597598    0.019849197    0.019112920    0.018933668
    2.612612613    0.020036661    0.019307268    0.019129401
    2.627627628    0.020231786    0.019468480    0.019282223
    2.642642643    0.020439490    0.019621238    0.019421034
    2.657657658    0.020675510    0.019820244    0.019609903
    2.672672673    0.020922873    0.020066293    0.019854298
    2.687687688    0.021163530    0.020338226    0.020132678
    2.702702703    0.021446700    0.020668642    0.020473726
    2.717717718    0.021802446    0.021079681    0.020897606
    2.732732733    0.022172120    0.021513283    0.021346398
    2.747747748    0.022481966    0.021890623    0.021740077
    2.762762763    0.022768699    0.022234062    0.022097397
    2.777777778    0.023113026    0.022622951    0.022497220
    2.792792793    0.023451395    0.023012992    0.022900068
    2.807807808    0.023668715    0.023303636    0.023209136
    2.822822823    0.023757603    0.023475447    0.023402126
    2.837837838    0.023749220    0.023514034    0.023452969
    2.852852853    0.023651842    0.023423917    0.023364636
    2.867867868    0.023486531    0.023290806    0.023239163
    2.882882883    0.023273807    0.023174386    0.023146983
    2.897897898    0.023029284    0.023054852    0.023059818
    2.912912913    0.022766985    0.022892838    0.022924171
    2.927927928    0.022534057    0.022743549    0.022796799
    2.942942943    0.022406607    0.022729766    0.022812617
    2.957957958    0.022404821    0.022876626    0.022998227
    2.972972973    0.022513280    0.023135984    0.023296744
    2.987987988    0.022724543    0.023485812    0.023682114
    3.003003003    0.023019317    0.023916240    0.024146894
    3.018018018    0.023328514    0.024361144    0.024625736
    3.033033033    0.023569900    0.024724684    0.025019178
    3.048048048    0.023744168    0.024984949    0.025299394
    3.063063063    0.023918893    0.025190857    0.025510744
    3.078078078    0.024199572    0.025439413    0.025748626
    3.093093093    0.024624684    0.025771580    0.026055429
    3.108108108    0.025099174    0.026129492    0.026383084
    3.123123123    0.025550996    0.026496898    0.026728801
    3.138138138    0.026024903    0.026916720    0.027134418
    3.153153153    0.026537966    0.027363142    0.027563413
    3.168168168    0.026997798    0.027723988    0.027898955
    3.183183183    0.027351997    0.027934925    0.028073975
    3.198198198    0.027681854    0.028053395    0.028140592
    3.213213213    0.028012360    0.028136997    0.028164663
    3.228228228    0.028247242    0.028187126    0.028170614
    3.243243243    0.028271986    0.028136018    0.028101483
    3.258258258    0.028126878    0.027952299    0.027908618
    3.273273273    0.027992709    0.027733517    0.027669576
    3.288288288    0.027979502    0.027592047    0.027497324
    3.303303303    0.028093428    0.027589467    0.027466623
    3.318318318    0.028269856    0.027700612    0.027561843
    3.333333333    0.028449358    0.027841434    0.027693201
    3.348348348    0.028681802    0.028006200    0.027841439
    3.363363363    0.029094661    0.028317541    0.028127793
    3.378378378    0.029770014    0.028895482    0.028681476
    3.393393393    0.030625941    0.029693619    0.029464912
    3.408408408    0.031486449    0.030553387    0.030324133
    3.423423423    0.032222834    0.031315625    0.031092871
    3.438438438    0.032793606    0.031867642    0.031640907
    3.453453453    0.033228549    0.032189810    0.031936243
    3.468468468    0.033541442    0.032304056    0.032002522
    3.483483483    0.033770412    0.032299855    0.031941236
    3.498498498    0.034110868    0.032406690    0.031989780
    3.513513514    0.034755842    0.032833259    0.032360417
    3.528528529    0.035653371    0.033559751    0.033041194
    3.543543544    0.036562446    0.034365372    0.033816570
    3.558558559    0.037176114    0.034971069    0.034414602
    3.573573574    0.037285578    0.035201593    0.034669312
    3.588588589    0.036944844    0.035106951    0.034631387
    3.603603604    0.036380427    0.034891261    0.034500769
    3.618618619    0.035777988    0.034715227    0.034432610
    3.633633634    0.035209358    0.034604687    0.034440855
    3.648648649    0.034787785    0.034595706    0.034540294
    3.663663664    0.034640022    0.034770100    0.034799688
    3.678678679    0.034750070    0.035104799    0.035193639
    3.693693694    0.034988838    0.035495991    0.035624915
    3.708708709    0.035258120    0.035899592    0.036063595
    3.723723724    0.035557135    0.036369459    0.036577796
    3.738738739    0.035874151    0.036931353    0.037203242
    3.753753754    0.036060785    0.037450799    0.037809180
    3.768768769    0.036052623    0.037819234    0.038274652
    3.783783784    0.036079919    0.038143059    0.038672588
    3.798798799    0.036406795    0.038590741    0.039147411
    3.813813814    0.037046604    0.039219318    0.039769644
    3.828828829    0.037832902    0.039988798    0.040532431
    3.843843844    0.038664371    0.040853207    0.041403155
    3.858858859    0.039524400    0.041752359    0.042309882
    3.873873874    0.040446777    0.042680257    0.043236443
    3.888888889    0.041503210    0.043703368    0.044248201
    3.903903904    0.042678672    0.044797328    0.045318898
    3.918918919    0.043805465    0.045795954    0.046283211
    3.933933934    0.044768723    0.046610874    0.047059492
    3.948948949    0.045695664    0.047403865    0.047817829
    3.963963964    0.046736794    0.048349543    0.048738395
    3.978978979    0.047772147    0.049294869    0.049659516
    3.993993994    0.048621478    0.049921671    0.050229603
    4.009009009    0.049231926    0.050080798    0.050278159
    4.024024024    0.049542080    0.049808824    0.049866591
    4.039039039    0.049581155    0.049287677    0.049212262
    4.054054054    0.049655301    0.048856392    0.048660844
    4.069069069    0.050082310    0.048808499    0.048499642
    4.084084084    0.050793179    0.049125945    0.048722320
    4.099099099    0.051495135    0.049589229    0.049126826
    4.114114114    0.052066525    0.050070972    0.049585122
    4.129129129    0.052590568    0.050608737    0.050124542
    4.144144144    0.053278194    0.051349632    0.050877210
    4.159159159    0.054344950    0.052431752    0.051962269
    4.174174174    0.055754537    0.053816643    0.053340370
    4.189189189    0.057188293    0.055245321    0.054767125
    4.204204204    0.058419344    0.056504278    0.056032477
    4.219219219    0.059527106    0.057633791    0.057167011
    4.234234234    0.060646329    0.058720089    0.058245090
    4.249249249    0.061701492    0.059621099    0.059108375
    4.264264264    0.062622787    0.060234576    0.059646075
    4.279279279    0.063621281    0.060860608    0.060179104
    4.294294294    0.064942528    0.061891458    0.061135439
    4.309309309    0.066627298    0.063428565    0.062632427
    4.324324324    0.068580535    0.065314984    0.064498760
    4.339339339    0.070568672    0.067265380    0.066436102
    4.354354354    0.072396098    0.069096923    0.068264969
    4.369369369    0.074065407    0.070751302    0.069912083
    4.384384384    0.075331305    0.071976580    0.071122188
    4.399399399    0.075766045    0.072536291    0.071705856
    4.414414414    0.075450745    0.072680365    0.071958759
    4.429429429    0.074966291    0.072940856    0.072405308
    4.444444444    0.074897559    0.073700618    0.073377603
    4.459459459    0.075440593    0.075030658    0.074912147
    4.474474474    0.076457076    0.076847859    0.076938481
    4.489489489    0.077863913    0.079157938    0.079485067
    4.504504505    0.079553869    0.081793546    0.082367893
    4.519519520    0.081338702    0.084321672    0.085087901
    4.534534535    0.083195288    0.086522652    0.087374238
    4.549549550    0.085131542    0.088534237    0.089401177
    4.564564565    0.087003109    0.090522675    0.091416204
    4.579579580    0.088927862    0.092700497    0.093654825
    4.594594595    0.091456701    0.095428248    0.096427859
    4.609609610    0.095033751    0.098992964    0.099983758
    4.624624625    0.099463561    0.103251946    0.104195811
    4.639639640    0.104057816    0.107728988    0.108641818
    4.654654655    0.108366596    0.112118002    0.113049696
    4.669669670    0.112506296    0.116400498    0.117365234
    4.684684685    0.116577646    0.120555811    0.121537727
    4.699699700    0.120315500    0.124407523    0.125413394
    4.714714715    0.123364226    0.127577742    0.128607684
    4.729729730    0.125821735    0.129909683    0.130900402
    4.744744745    0.128583428    0.132184510    0.133047683
    4.759759760    0.132569020    0.135483014    0.136172695
    4.774774775    0.137855712    0.140028896    0.140535237
    4.789789790    0.143848713    0.145359326    0.145703421
    4.804804805    0.149924509    0.150948261    0.151173172
    4.819819820    0.155503439    0.156194972    0.156337819
    4.834834835    0.160355941    0.160706277    0.160764611
    4.849849850    0.165190693    0.164975894    0.164895725
    4.864864865    0.170963055    0.169798596    0.169488659
    4.879879880    0.177736192    0.175260346    0.174636466
    4.894894895    0.185313796    0.181366500    0.180391939
    4.909909910    0.194286231    0.188807816    0.187468113
    4.924924925    0.205502008    0.198292285    0.196538968
    4.939939940    0.219011040    0.209915455    0.207708245
    4.954954955    0.234055581    0.223378172    0.220781827
    4.969969970    0.250138430    0.238425805    0.235564996
    4.984984985    0.267573487    0.255173149    0.252130478
    5.000000000    0.286742625    0.273609338    0.270376015
    5.015015015    0.307418058    0.293070548    0.289530042
    5.030030030    0.328654186    0.312598868    0.308621522
    5.045045045    0.349242721    0.331690621    0.327304644
    5.060060060    0.369769563    0.351603413    0.346998322
    5.075075075    0.392857385    0.375189670    0.370619761
    5.090090090    0.419404181    0.403814425    0.399667354
    5.105105105    0.447981757    0.436424544    0.433220510
    5.120120120    0.478169425    0.472096780    0.470263809
    5.135135135    0.511284634    0.511259713    0.510999913
    5.150150150    0.547646698    0.553506171    0.554814491
    5.165165165    0.585989381    0.596649196    0.599249801
    5.180180180    0.624204852    0.637631858    0.640972914
    5.195195195    0.661086057    0.675262671    0.678794352
    5.210210210    0.698885699    0.713049686    0.716563964
    5.225225225    0.741725282    0.755879299    0.759373526
    5.240240240    0.791108896    0.804978649    0.808380421
    5.255255255    0.845219313    0.858144581    0.861285778
    5.270270270    0.902041153    0.913143099    0.915807778
    5.285285285    0.957078385    0.966213857    0.968386778
    5.300300300    1.000513460    1.009357369    1.011484868
    5.315315315    1.023524366    1.033886216    1.036433417
    5.330330330    1.028646150    1.040023829    1.042847218
    5.345345345    1.024934354    1.034492030    1.036842554
    5.360360360    1.015614533    1.019892708    1.020891173
    5.375375375    0.997221069    0.993838320    0.992931437
    5.390390390    0.965391084    0.954594182    0.951915658
    5.405405405    0.917231728    0.902656160    0.899131397
    5.420420420    0.855306548    0.841405658    0.838088965
    5.435435435    0.787660504    0.776277407    0.773584600
    5.450450450    0.721153677    0.711452553    0.709171551
    5.465465465    0.658870116    0.649606884    0.647433412
    5.480480480    0.601250958    0.592510355    0.590463947
    5.495495495    0.548374955    0.540828324    0.539068616
    5.510510511    0.501146395    0.495039093    0.493621513
    5.525525526    0.459428492    0.454884068    0.453836373
    5.540540541    0.421448917    0.418741222    0.418130412
    5.555555556    0.386814705    0.385906809    0.385727231
    5.570570571    0.356665030    0.357065940    0.357201529
    5.585585586    0.330912278    0.332234804    0.332591204
    5.600600601    0.308499534    0.310783249    0.311369286
    5.615615616    0.288587640    0.292018135    0.292883041
    5.630630631    0.270492107    0.275075422    0.276229550
    5.645645646    0.253364436    0.258797401    0.260175169
    5.660660661    0.236411435    0.242160520    0.243632314
    5.675675676    0.219625954    0.225171379    0.226603187
    5.690690691    0.203655760    0.208547523    0.209819175
    5.705705706    0.189070939    0.192931684    0.193940502
    5.720720721    0.176147531    0.178792209    0.179486740
    5.735735736    0.164879942    0.166387268    0.166787736
    5.750750751    0.154824276    0.155520765    0.155713237
    5.765765766    0.145874761    0.146177935    0.146269907
    5.780780781    0.138579874    0.138772030    0.138834418
    5.795795796    0.133444240    0.133627328    0.133684878
    5.810810811    0.130846265    0.131037573    0.131094156
    5.825825826    0.130930456    0.131116856    0.131169589
    5.840840841    0.133162433    0.133301769    0.133341201
    5.855855856    0.136579155    0.136639113    0.136658076
    5.870870871    0.140492841    0.140497913    0.140502899
    5.885885886    0.144349766    0.144365665    0.144373506
    5.900900901    0.147500028    0.147591756    0.147618944
    5.915915916    0.149776605    0.149958996    0.150008996
    5.930930931    0.151438355    0.151683427    0.151749126
    5.945945946    0.152729954    0.153075719    0.153166454
    5.960960961    0.153816458    0.154404825    0.154556210
    5.975975976    0.154449262    0.155384598    0.155623966
    5.990990991    0.154461600    0.155668231    0.155977390
    6.006006006    0.154245396    0.155521454    0.155848848
    6.021021021    0.154174199    0.155350113    0.155651906
    6.036036036    0.154187083    0.155180495    0.155435630
    6.051051051    0.154079738    0.154834125    0.155028271
    6.066066066    0.153688768    0.154127682    0.154241571
    6.081081081    0.152917989    0.152986322    0.153006642
    6.096096096    0.151945001    0.151697370    0.151638468
    6.111111111    0.150994398    0.150556761    0.150450287
    6.126126126    0.150000932    0.149452515    0.149318182
    6.141141141    0.148973172    0.148332621    0.148174898
    6.156156156    0.148291517    0.147595663    0.147423653
    6.171171171    0.148300456    0.147652257    0.147491436
    6.186186186    0.149074721    0.148573207    0.148448054
    6.201201201    0.150493714    0.150148994    0.150062333
    6.216216216    0.152245841    0.152023155    0.151967004
    6.231231231    0.153893991    0.153779599    0.153751025
    6.246246246    0.155052359    0.155048818    0.155048810
    6.261261261    0.155335382    0.155411023    0.155432048
    6.276276276    0.154735579    0.154785577    0.154800757
    6.291291291    0.153979980    0.153883069    0.153860746
    6.306306306    0.154027718    0.153766049    0.153701163
    6.321321321    0.155469325    0.155144178    0.155062041
    6.336336336    0.158087785    0.157816516    0.157747328
    6.351351351    0.160686775    0.160528311    0.160488634
    6.366366366    0.161896597    0.161857267    0.161850064
    6.381381381    0.161073139    0.161111050    0.161125918
    6.396396396    0.158376173    0.158377625    0.158385349
    6.411411411    0.154434738    0.154286400    0.154257414
    6.426426426    0.150344830    0.149987431    0.149905393
    6.441441441    0.147576669    0.147024227    0.146891384
    6.456456456    0.147068681    0.146381835    0.146212921
    6.471471471    0.148638292    0.147870189    0.147678908
    6.486486486    0.151417004    0.150613922    0.150412302
    6.501501502    0.154484587    0.153732845    0.153542509
    6.516516517    0.157153398    0.156616536    0.156478513
    6.531531532    0.159011108    0.158905180    0.158874839
    6.546546547    0.159504374    0.159989346    0.160110104
    6.561561562    0.158240931    0.159206548    0.159452379
    6.576576577    0.156006927    0.157051080    0.157317485
    6.591591592    0.154046800    0.154736163    0.154911180
    6.606606607    0.152795320    0.152937950    0.152974868
    6.621621622    0.152180305    0.151902792    0.151834883
    6.636636637    0.152238614    0.151775194    0.151660302
    6.651651652    0.153098552    0.152586684    0.152458258
    6.666666667    0.154723461    0.154213000    0.154083523
    6.681681682    0.156780993    0.156325071    0.156208327
    6.696696697    0.159065259    0.158732637    0.158646000
    6.711711712    0.161745459    0.161563712    0.161514195
    6.726726727    0.164730724    0.164756601    0.164759267
    6.741741742    0.167279081    0.167614295    0.167696190
    6.756756757    0.168879685    0.169477714    0.169627813
    6.771771772    0.169785288    0.170308431    0.170440758
    6.786786787    0.170165830    0.170301219    0.170337912
    6.801801802    0.169690046    0.169515529    0.169477795
    6.816816817    0.168264607    0.168017247    0.167964117
    6.831831832    0.166152120    0.165950279    0.165910549
    6.846846847    0.163383703    0.163296134    0.163286500
    6.861861862    0.159884468    0.159915379    0.159936267
    6.876876877    0.155996317    0.156042156    0.156066254
    6.891891892    0.152610795    0.152591632    0.152597222
    6.906906907    0.150671998    0.150638653    0.150637596
    6.921921922    0.150532433    0.150597293    0.150618268
    6.936936937    0.151967225    0.152198759    0.152260514
    6.951951952    0.154362396    0.154763930    0.154868580
    6.966966967    0.157165824    0.157618104    0.157735458
    6.981981982    0.160114893    0.160400166    0.160475295
    6.996996997    0.163021562    0.163081742    0.163100812
    7.012012012    0.165834487    0.165814316    0.165814050
    7.027027027    0.168402618    0.168350043    0.168343114
    7.042042042    0.170070794    0.169876930    0.169837165
    7.057057057    0.170095074    0.169706383    0.169620461
    7.072072072    0.168404060    0.167910859    0.167799483
    7.087087087    0.165447301    0.165046359    0.164956161
    7.102102102    0.161844295    0.161719025    0.161695196
    7.117117117    0.158099619    0.158345974    0.158413773
    7.132132132    0.154393086    0.154984779    0.155138640
    7.147147147    0.150914039    0.151646977    0.151834984
    7.162162162    0.148352851    0.148954697    0.149107516
    7.177177177    0.147483134    0.147763513    0.147834126
    7.192192192    0.148425032    0.148282676    0.148247510
    7.207207207    0.150616325    0.149979168    0.149822092
    7.222222222    0.153227476    0.152073834    0.151790426
    7.237237237    0.155935095    0.154325113    0.153928798
    7.252252252    0.159387093    0.157488128    0.157017086
    7.267267267    0.164090965    0.162243240    0.161779729
    7.282282282    0.169496047    0.168074253    0.167713528
    7.297297297    0.174306896    0.173533024    0.173335200
    7.312312312    0.177204513    0.177194498    0.177192423
    7.327327327    0.177598162    0.178288087    0.178467107
    7.342342342    0.175856665    0.176930821    0.177209430
    7.357357357    0.172896557    0.173985053    0.174266693
    7.372372372    0.169750818    0.170626510    0.170851949
    7.387387387    0.167486938    0.168015731    0.168150744
    7.402402402    0.166647157    0.166674287    0.166681355
    7.417417417    0.166752655    0.166244579    0.166117876
    7.432432432    0.166600125    0.165844592    0.165657003
    7.447447447    0.165427888    0.164892257    0.164760038
    7.462462462    0.163815327    0.163792267    0.163789086
    7.477477477    0.162943520    0.163356587    0.163463372
    7.492492492    0.163532229    0.163978718    0.164092952
    7.507507508    0.165346553    0.165339361    0.165338735
    7.522522523    0.167701048    0.167004295    0.166830945
    7.537537538    0.170678901    0.169360621    0.169031076
    7.552552553    0.174979264    0.173237669    0.172799752
    7.567567568    0.180632429    0.178739575    0.178260240
    7.582582583    0.186734158    0.184977264    0.184529423
    7.597597598    0.192123479    0.190780837    0.190436294
    7.612612613    0.195700864    0.195107854    0.194953645
    7.627627628    0.196595639    0.197061600    0.197180401
    7.642642643    0.194690277    0.196276792    0.196688077
    7.657657658    0.190592274    0.193092974    0.193742913
    7.672672673    0.185631555    0.188684181    0.189472778
    7.687687688    0.181920909    0.184994601    0.185776563
    7.702702703    0.181046401    0.183491873    0.184099840
    7.717717718    0.182347187    0.183690834    0.184014287
    7.732732733    0.183639317    0.183872644    0.183919767
    7.747747748    0.183674887    0.183068590    0.182911037
    7.762762763    0.182867487    0.181625083    0.181313962
    7.777777778    0.182325691    0.180577065    0.180143614
    7.792792793    0.182915615    0.180740138    0.180202440
    7.807807808    0.184775978    0.182161623    0.181515464
    7.822822823    0.187437515    0.184465347    0.183728883
    7.837837838    0.190289898    0.187291791    0.186544672
    7.852852853    0.193000649    0.190387021    0.189730113
    7.867867868    0.195686758    0.193777194    0.193291251
    7.882882883    0.198384007    0.197484693    0.197250552
    7.897897898    0.201006189    0.201248820    0.201305470
    7.912912913    0.203937294    0.205031038    0.205306119
    7.927927928    0.207376129    0.208868070    0.209244844
    7.942942943    0.210318550    0.212027845    0.212460508
    7.957957958    0.211710931    0.213670672    0.214167951
    7.972972973    0.211765265    0.213939274    0.214491015
    7.987987988    0.211226425    0.213490523    0.214063112
    8.003003003    0.210860585    0.212914526    0.213428474
    8.018018018    0.211762545    0.212995943    0.213296965
    8.033033033    0.213983040    0.213729899    0.213660103
    8.048048048    0.215296118    0.213564736    0.213135432
    8.063063063    0.213538698    0.211320816    0.210774301
    8.078078078    0.209060392    0.207493399    0.207107210
    8.093093093    0.203947541    0.203434843    0.203311397
    8.108108108    0.200107880    0.200294806    0.200346132
    8.123123123    0.198214427    0.198431578    0.198489179
    8.138138138    0.198211165    0.197859530    0.197774862
    8.153153153    0.199686496    0.198520973    0.198234752
    8.168168168    0.202020240    0.200208505    0.199761389
    8.183183183    0.205137607    0.203063691    0.202548292
    8.198198198    0.209544184    0.207519480    0.207011671
    8.213213213    0.215632063    0.213727937    0.213245752
    8.228228228    0.223538209    0.221646661    0.221164095
    8.243243243    0.233319042    0.231283451    0.230762115
    8.258258258    0.243884993    0.241766454    0.241222328
    8.273273273    0.252814587    0.251009246    0.250544187
    8.288288288    0.258020203    0.256869637    0.256574062
    8.303303303    0.259162881    0.258798354    0.258706866
    8.318318318    0.256901373    0.257601198    0.257784152
    8.333333333    0.251861350    0.253932196    0.254469268
    8.348348348    0.245283047    0.248548735    0.249392926
    8.363363363    0.238728559    0.242570346    0.243555930
    8.378378378    0.233172689    0.236833631    0.237762304
    8.393393393    0.228805657    0.231714444    0.232444535
    8.408408408    0.225514773    0.227555894    0.228065030
    8.423423423    0.223113056    0.224379518    0.224694191
    8.438438438    0.221537013    0.222013856    0.222131343
    8.453453453    0.221069694    0.220784114    0.220712323
    8.468468468    0.221808601    0.220935328    0.220717981
    8.483483483    0.223362448    0.222070081    0.221748542
    8.498498498    0.225333069    0.223705378    0.223299394
    8.513513514    0.228024725    0.226141211    0.225668840
    8.528528529    0.232620655    0.230559113    0.230038762
    8.543543544    0.240448005    0.238166874    0.237588846
    8.558558559    0.251800932    0.249185199    0.248522054
    8.573573574    0.265906361    0.262902643    0.262141475
    8.588588589    0.281091061    0.277814690    0.276984487
    8.603603604    0.294092483    0.290867675    0.290051557
    8.618618619    0.301911514    0.298942026    0.298194522
    8.633633634    0.304152480    0.301356522    0.300657858
    8.648648649    0.301750218    0.299200943    0.298565518
    8.663663664    0.295673928    0.294032687    0.293621040
    8.678678679    0.287402980    0.287690174    0.287764269
    8.693693694    0.278432275    0.281188933    0.281900136
    8.708708709    0.269925515    0.274695383    0.275928106
    8.723723724    0.262851629    0.268463981    0.269903175
    8.738738739    0.257814928    0.263074451    0.264404348
    8.753753754    0.254925937    0.258988576    0.259999660
    8.768768769    0.253753075    0.256217612    0.256821938
    8.783783784    0.253743572    0.254613123    0.254821795
    8.798798799    0.254471315    0.254002917    0.253883791
    8.813813814    0.255570020    0.254181322    0.253836688
    8.828828829    0.257114469    0.255293067    0.254839604
    8.843843844    0.260141474    0.258210055    0.257725493
    8.858858859    0.266004396    0.263831476    0.263284289
    8.873873874    0.275086198    0.272288848    0.271585551
    8.888888889    0.286488810    0.283005202    0.282129838
    8.903903904    0.298695189    0.295001491    0.294069891
    8.918918919    0.310563638    0.307303305    0.306475250
    8.933933934    0.321964357    0.319447274    0.318803242
    8.948948949    0.332775139    0.330879716    0.330393671
    8.963963964    0.341600840    0.339956975    0.339539353
    8.978978979    0.347154344    0.345558765    0.345157545
    8.993993994    0.349067043    0.347881494    0.347584906
    9.009009009    0.347074802    0.346937996    0.346908237
    9.024024024    0.341850083    0.342920179    0.343200328
    9.039039039    0.335270417    0.337211083    0.337715073
    9.054054054    0.328876973    0.331371590    0.332016416
    9.069069069    0.323082347    0.326043006    0.326804155
    9.084084084    0.317946425    0.321214258    0.322048418
    9.099099099    0.313765832    0.316771432    0.317531785
    9.114114114    0.310792112    0.312842295    0.313356315
    9.129129129    0.308843515    0.309501773    0.309666310
    9.144144144    0.307434135    0.306569594    0.306357712
    9.159159159    0.306234132    0.304038755    0.303500021
    9.174174174    0.305609196    0.302434729    0.301654879
    9.189189189    0.306315069    0.302414050    0.301453520
    9.204204204    0.308565797    0.304124225    0.303025927
    9.219219219    0.312016202    0.307389521    0.306236799
    9.234234234    0.315763646    0.311728206    0.310710855
    9.249249249    0.318976531    0.316466568    0.315822647
    9.264264264    0.321769232    0.321245456    0.321101482
    9.279279279    0.324523508    0.325876885    0.326212215
    9.294294294    0.327572427    0.330386574    0.331095694
    9.309309309    0.331456668    0.335127742    0.336053709
    9.324324324    0.336593040    0.340315168    0.341249246
    9.339339339    0.342449119    0.345332737    0.346050578
    9.354354354    0.347614963    0.349014409    0.349360769
    9.369369369    0.350546792    0.350263829    0.350197646
    9.384384384    0.349656369    0.347934066    0.347519568
    9.399399399    0.344523949    0.341999502    0.341390369
    9.414414414    0.337090120    0.334566981    0.333955345
    9.429429429    0.330381785    0.328455881    0.327987642
    9.444444444    0.325632463    0.324517525    0.324248570
    9.459459459    0.321597822    0.321264608    0.321190837
    9.474474474    0.316781741    0.317265968    0.317398171
    9.489489489    0.311273402    0.312691378    0.313058284
    9.504504505    0.306615971    0.308806740    0.309363698
    9.519519520    0.304425434    0.306761537    0.307345552
    9.534534535    0.305466382    0.306983026    0.307352717
    9.549549550    0.309481589    0.309287771    0.309229078
    9.564564565    0.315336354    0.313077064    0.312509968
    9.579579580    0.321736555    0.317759141    0.316770231
    9.594594595    0.327483483    0.322728101    0.321544833
    9.609609610    0.331828389    0.327275305    0.326137911
    9.624624625    0.334651910    0.330844028    0.329889206
    9.639639640    0.336080301    0.333180757    0.332452029
    9.654654655    0.336374397    0.334435344    0.333947944
    9.669669670    0.336047028    0.335109145    0.334874035
    9.684684685    0.336084364    0.336206085    0.336236761
    9.699699700    0.337904412    0.339064506    0.339353996
    9.714714715    0.342447366    0.344235935    0.344680114
    9.729729730    0.349027907    0.350662781    0.351065112
    9.744744745    0.355934492    0.356733714    0.356926185
    9.759759760    0.361118153    0.360887683    0.360826639
    9.774774775    0.362806803    0.361797985    0.361547783
    9.789789790    0.361118011    0.359837709    0.359521990
    9.804804805    0.358421570    0.357368562    0.357108860
    9.819819820    0.357148129    0.356466353    0.356298141
    9.834834835    0.357962860    0.357496218    0.357381125
    9.849849850    0.359532663    0.359285430    0.359225811
    9.864864865    0.359701012    0.359989054    0.360065469
    9.879879880    0.357566484    0.358608994    0.358877174
    9.894894895    0.354338291    0.355957397    0.356370566
    9.909909910    0.352812133    0.354574516    0.355019310
    9.924924925    0.354988676    0.356462276    0.356828584
    9.939939940    0.360564055    0.361432433    0.361642543
    9.954954955    0.368011354    0.368089794    0.368099709
    9.969969970    0.375578418    0.374818096    0.374619014
    9.984984985    0.381384286    0.379796485    0.379395212
   10.000000000    0.384054883    0.381801254    0.381238884
   10.015015015    0.383765994    0.381356280    0.380756883
   10.030030030    0.381776258    0.379895255    0.379427701
   10.045045045    0.379311463    0.378394230    0.378169138
   10.060060060    0.376958960    0.376999932    0.377017230
   10.075075075    0.375167329    0.376008186    0.376225417
   10.090090090    0.374924372    0.376478439    0.376869273
   10.105105105    0.377468605    0.379345515    0.379808484
   10.120120120    0.383378618    0.384617875    0.384913441
   10.135135135    0.392184711    0.391939948    0.391863960
   10.150150150    0.402566240    0.400748347    0.400284398
   10.165165165    0.413568306    0.410542980    0.409782192
   10.180180180    0.424110475    0.420437754    0.419517851
   10.195195195    0.432375052    0.428875282    0.427999500
   10.210210210    0.437252434    0.434738192    0.434110303
   10.225225225    0.439084991    0.437817785    0.437505417
   10.240240240    0.438601970    0.438226779    0.438140734
   10.255255255    0.436231157    0.436135236    0.436119513
   10.270270270    0.432809510    0.432310772    0.432193628
   10.285285285    0.430233642    0.428619527    0.428223767
   10.300300300    0.431098686    0.427740955    0.426911050
   10.315315315    0.436197146    0.430907304    0.429595939
   10.330330330    0.443159636    0.436633565    0.435007611
   10.345345345    0.448925000    0.442643045    0.441062978
   10.360360360    0.452617103    0.447946756    0.446756335
   10.375375375    0.454847851    0.452285425    0.451621024
   10.390390390    0.455747479    0.455019310    0.454821157
   10.405405405    0.455171563    0.455812681    0.455965904
   10.420420420    0.453728903    0.455442469    0.455871434
   10.435435435    0.452149261    0.454749795    0.455407052
   10.450450450    0.449955197    0.453225251    0.454055088
   10.465465465    0.446724694    0.450521249    0.451484542
   10.480480480    0.443936273    0.448155641    0.449221863
   10.495495495    0.443832031    0.448207092    0.449305899
   10.510510511    0.447486634    0.451732445    0.452791337
   10.525525526    0.454735294    0.458708697    0.459691779
   10.540540541    0.465337685    0.468865805    0.469730872
   10.555555556    0.478516351    0.481307354    0.481985099
   10.570570571    0.491881287    0.493769211    0.494223105
   10.585585586    0.502263640    0.503388499    0.503657554
   10.600600601    0.507313812    0.508104343    0.508297377
   10.615615616    0.507136489    0.507915973    0.508111212
   10.630630631    0.504242207    0.504855476    0.505010133
   10.645645646    0.500873997    0.500871737    0.500872509
   10.660660661    0.497867921    0.496596045    0.496282429
   10.675675676    0.495712850    0.492450575    0.491648615
   10.690690691    0.495580596    0.489978570    0.488604430
   10.705705706    0.498910245    0.491143752    0.489237543
   10.720720721    0.506071052    0.496585477    0.494250138
   10.735735736    0.515872454    0.505322514    0.502710831
   10.750750751    0.525941213    0.515400604    0.512770432
   10.765765766    0.533903579    0.524755780    0.522451460
   10.780780781    0.538090891    0.531387490    0.529683393
   10.795795796    0.538436043    0.534334685    0.533284208
   10.810810811    0.536214516    0.534134865    0.533599689
   10.825825826    0.533157077    0.532292912    0.532070703
   10.840840841    0.530822517    0.530541973    0.530470888
   10.855855856    0.529419901    0.529501789    0.529524545
   10.870870871    0.527888514    0.528332520    0.528448810
   10.885885886    0.526105795    0.526841297    0.527031483
   10.900900901    0.525783139    0.526776706    0.527028390
   10.915915916    0.529005203    0.530449386    0.530807588
   10.930930931    0.536259140    0.538481935    0.539028896
   10.945945946    0.547004519    0.550209775    0.550999083
   10.960960961    0.561058157    0.565234493    0.566266670
   10.975975976    0.577625903    0.582670305    0.583923433
   10.990990991    0.594406422    0.600088475    0.601507158
   11.006006006    0.608216485    0.614252569    0.615763813
   11.021021021    0.617152513    0.623153477    0.624654016
   11.036036036    0.621662911    0.626945427    0.628259901
   11.051051051    0.622751980    0.626784758    0.627782136
   11.066066066    0.621171331    0.623726814    0.624353386
   11.081081081    0.618667504    0.619349705    0.619509561
   11.096096096    0.617444689    0.615784220    0.615364849
   11.111111111    0.619152169    0.614860270    0.613794313
   11.126126126    0.624020592    0.617018439    0.615289485
   11.141141141    0.630505061    0.621122358    0.618809594
   11.156156156    0.636571545    0.625677104    0.622986903
   11.171171171    0.640860918    0.629688422    0.626917948
   11.186186186    0.642765235    0.632588166    0.630050984
   11.201201201    0.642098552    0.633802414    0.631724810
   11.216216216    0.639428395    0.633068916    0.631473037
   11.231231231    0.636184979    0.631217417    0.629969322
   11.246246246    0.634054220    0.629918588    0.628876246
   11.261261261    0.633430642    0.629788714    0.628866405
   11.276276276    0.633329088    0.630084447    0.629256131
   11.291291291    0.633505145    0.631067888    0.630433806
   11.306306306    0.635113015    0.634358151    0.634139743
   11.321321321    0.640327735    0.642043497    0.642445741
   11.336336336    0.650656573    0.655208101    0.656330334
   11.351351351    0.665669479    0.672869632    0.674665644
   11.366366366    0.684454111    0.693480950    0.695735557
   11.381381381    0.705953693    0.715387959    0.717734874
   11.396396396    0.727861704    0.736179938    0.738236790
   11.411411411    0.747348729    0.753477297    0.754984570
   11.426426426    0.762799922    0.766404681    0.767287460
   11.441441441    0.774200859    0.775906301    0.776321916
   11.456456456    0.782087494    0.782901806    0.783097859
   11.471471471    0.787106445    0.787629122    0.787752173
   11.486486486    0.789479173    0.789730222    0.789783956
   11.501501502    0.790240135    0.789514470    0.789321181
   11.516516517    0.792176983    0.789160551    0.788395529
   11.531531532    0.798255537    0.791609882    0.789951129
   11.546546547    0.809246760    0.798363330    0.795669583
   11.561561562    0.822232896    0.808063938    0.804563196
   11.576576577    0.832865367    0.817648053    0.813873881
   11.591591592    0.838895115    0.824560378    0.820984881
   11.606606607    0.839051953    0.826631459    0.823517956
   11.621621622    0.832002643    0.822126370    0.819640645
   11.636636637    0.819492770    0.812227435    0.810392193
   11.651651652    0.806358049    0.801214365    0.799908696
   11.666666667    0.796468863    0.792895262    0.791981352
   11.681681682    0.790759392    0.788407859    0.787799946
   11.696696697    0.788961251    0.787583454    0.787218673
   11.711711712    0.792668462    0.792136066    0.791976738
   11.726726727    0.804317152    0.804648673    0.804696138
   11.741741742    0.821676579    0.823115317    0.823434750
   11.756756757    0.839170916    0.842600021    0.843420391
   11.771771772    0.854061344    0.860572595    0.862178232
   11.786786787    0.867328186    0.876765150    0.879118424
   11.801801802    0.881806256    0.892299601    0.894913513
   11.816816817    0.900050490    0.909301127    0.911583715
   11.831831832    0.922838316    0.929395080    0.930986459
   11.846846847    0.949267555    0.952737969    0.953555825
   11.861861862    0.977530668    0.978467594    0.978664332
   11.876876877    1.004765963    1.004530292    1.004449881
   11.891891892    1.025503791    1.025665519    1.025696347
   11.906906907    1.035381831    1.036519911    1.036800487
   11.921921922    1.034909309    1.036242298    1.036572722
   11.936936937    1.028896158    1.029288529    1.029382396
   11.951951952    1.024885433    1.023694572    1.023389159
   11.966966967    1.028159348    1.025001477    1.024201091
   11.981981982    1.038560107    1.033056920    1.031670851
   11.996996997    1.052409688    1.044366231    1.042352437
   12.012012012    1.065569496    1.055210186    1.052629201
   12.027027027    1.074587748    1.062854923    1.059939638
   12.042042042    1.075249134    1.063701008    1.060835589
   12.057057057    1.064725961    1.054525158    1.052000186
   12.072072072    1.045137101    1.036537727    1.034414492
   12.087087087    1.023039988    1.016123131    1.014413179
   12.102102102    1.006088188    1.000791019    0.999474876
   12.117117117    0.998347964    0.994119128    0.993063120
   12.132132132    0.998698815    0.994634464    0.993618224
   12.147147147    1.003431693    0.998584825    0.997371746
   12.162162162    1.010807097    1.004669741    1.003127752
   12.177177177    1.020707870    1.013654439    1.011871036
   12.192192192    1.032332753    1.025547646    1.023814249
   12.207207207    1.045558472    1.040495540    1.039176651
   12.222222222    1.061880447    1.059783484    1.059198129
   12.237237237    1.084586196    1.085540351    1.085717683
   12.252252252    1.116823068    1.119584338    1.120212161
   12.267267267    1.158747684    1.162137665    1.162918121
   12.282282282    1.205702212    1.209208303    1.210018561
   12.297297297    1.247942411    1.250998860    1.251709284
   12.312312312    1.275779316    1.278311449    1.278912098
   12.327327327    1.287081731    1.289920138    1.290618899
   12.342342342    1.287621532    1.290918197    1.291744772
   12.357357357    1.285472526    1.287877942    1.288485856
   12.372372372    1.284092680    1.284311999    1.284380360
   12.387387387    1.280511869    1.278447427    1.277960158
   12.402402402    1.271939814    1.268589354    1.267792617
   12.417417417    1.260090586    1.257065093    1.256348143
   12.432432432    1.247582754    1.245931315    1.245549928
   12.447447447    1.235354966    1.234958651    1.234885861
   12.462462462    1.223104347    1.223476421    1.223594763
   12.477477477    1.209788086    1.210577496    1.210802043
   12.492492492    1.195365941    1.196083030    1.196288185
   12.507507508    1.182088929    1.182159217    1.182194160
   12.522522523    1.173465176    1.172519334    1.172288404
   12.537537538    1.171606016    1.169343826    1.168775044
   12.552552553    1.176511702    1.172320638    1.171265924
   12.567567568    1.187950797    1.180864187    1.179086745
   12.582582583    1.205525033    1.194696465    1.191989975
   12.597597598    1.228522643    1.214381430    1.210845822
   12.612612613    1.256848835    1.241434126    1.237557385
   12.627627628    1.289025035    1.275006631    1.271442862
   12.642642643    1.322362257    1.312015907    1.309341431
   12.657657658    1.356411343    1.350819157    1.349324240
   12.672672673    1.392110873    1.391043359    1.390689764
   12.687687688    1.430280062    1.432103511    1.432490961
   12.702702703    1.470324238    1.472615456    1.473137547
   12.717717718    1.507171227    1.509063908    1.509508868
   12.732732733    1.531583819    1.534658473    1.535432853
   12.747747748    1.537148773    1.543004638    1.544511809
   12.762762763    1.528698370    1.536579006    1.538609467
   12.777777778    1.517184715    1.524123555    1.525906019
   12.792792793    1.509195964    1.511932463    1.512647097
   12.807807808    1.504768178    1.501816102    1.501112771
   12.822822823    1.501461577    1.493501814    1.491564493
   12.837837838    1.497812890    1.486559003    1.483808053
   12.852852853    1.492874799    1.480604959    1.477591238
   12.867867868    1.485595983    1.474520964    1.471788288
   12.882882883    1.474273720    1.465493372    1.463324768
   12.897897898    1.457223464    1.451099550    1.449593616
   12.912912913    1.436296065    1.432674299    1.431795104
   12.927927928    1.415590828    1.413342448    1.412808328
   12.942942943    1.396468958    1.394327060    1.393818055
   12.957957958    1.380676774    1.377610877    1.376862250
   12.972972973    1.373118417    1.368360095    1.367175096
   12.987987988    1.378374538    1.371919913    1.370299718
   13.003003003    1.397604628    1.389915679    1.387976897
   13.018018018    1.427936813    1.419554933    1.417429671
   13.033033033    1.465112253    1.456469316    1.454262752
   13.048048048    1.508209204    1.499687223    1.497491188
   13.063063063    1.559690647    1.552330393    1.550401846
   13.078078078    1.616953846    1.612992626    1.611901575
   13.093093093    1.669143832    1.671012573    1.671400292
   13.108108108    1.706147819    1.714152882    1.716129222
   13.123123123    1.724007850    1.735424325    1.738308101
   13.138138138    1.724485958    1.735888158    1.738797342
   13.153153153    1.715098646    1.724786023    1.727267170
   13.168168168    1.707193209    1.715221638    1.717269679
   13.183183183    1.707283893    1.714033989    1.715742585
   13.198198198    1.713780835    1.718982622    1.720293609
   13.213213213    1.723170101    1.726184860    1.726944844
   13.228228228    1.735699435    1.736283898    1.736428622
   13.243243243    1.753553910    1.751807953    1.751360221
   13.258258258    1.775380843    1.770889801    1.769755485
   13.273273273    1.796297319    1.788015314    1.785951794
   13.288288288    1.813467102    1.800589868    1.797410571
   13.303303303    1.827956985    1.810600531    1.806330126
   13.318318318    1.842404595    1.822047155    1.817028634
   13.333333333    1.857410097    1.836340067    1.831118941
   13.348348348    1.871289854    1.851678765    1.846787106
   13.363363363    1.883303795    1.866677879    1.862502316
   13.378378378    1.895787043    1.882314878    1.878908323
   13.393393393    1.912415620    1.901866799    1.899174285
   13.408408408    1.936749675    1.929347330    1.927426004
   13.423423423    1.969782449    1.965860992    1.964807961
   13.438438438    2.010370453    2.008993769    2.008591561
   13.453453453    2.060609850    2.058240095    2.057599393
   13.468468468    2.121114058    2.113366288    2.111384729
   13.483483483    2.183539969    2.168836384    2.165124618
   13.498498498    2.234535688    2.216408257    2.211836513
   13.513513514    2.261334967    2.246291278    2.242481460
   13.528528529    2.255659335    2.247608328    2.245575072
   13.543543544    2.222660119    2.220696948    2.220231079
   13.558558559    2.180206378    2.181724391    2.182144961
   13.573573574    2.143910485    2.147848999    2.148864429
   13.588588589    2.119864613    2.126285642    2.127909699
   13.603603604    2.109137793    2.117895342    2.120095152
   13.618618619    2.114080519    2.125074430    2.127822686
   13.633633634    2.136971197    2.150157557    2.153442534
   13.648648649    2.175105768    2.189206813    2.192708217
   13.663663664    2.219257100    2.231873576    2.234994974
   13.678678679    2.257116975    2.266765077    2.269145715
   13.693693694    2.282769636    2.289443086    2.291088415
   13.708708709    2.298523991    2.302081836    2.302958056
   13.723723724    2.310529296    2.310507383    2.310493634
   13.738738739    2.325241041    2.322340473    2.321606117
   13.753753754    2.347169439    2.343858854    2.343012480
   13.768768769    2.378728235    2.378315103    2.378179250
   13.783783784    2.420279504    2.424437189    2.425437751
   13.798798799    2.468162628    2.475583009    2.477397231
   13.813813814    2.514865465    2.522326336    2.524143368
   13.828828829    2.555727441    2.559242741    2.560060770
   13.843843844    2.590416814    2.586822655    2.585866562
   13.858858859    2.620107344    2.608692430    2.605812474
   13.873873874    2.649804294    2.633246280    2.629105464
   13.888888889    2.688530907    2.669065353    2.664198458
   13.903903904    2.739911601    2.715070343    2.708879715
   13.918918919    2.790780558    2.756651263    2.748220268
   13.933933934    2.818437704    2.775107862    2.764482643
   13.948948949    2.809714040    2.761837562    2.750119157
   13.963963964    2.771066412    2.723776152    2.712160683
   13.978978979    2.721267621    2.678003927    2.667288156
   13.993993994    2.676628356    2.639785845    2.630543594
   14.009009009    2.643480713    2.613872012    2.606323666
   14.024024024    2.620335688    2.598443860    2.592729275
   14.039039039    2.603465331    2.590543151    2.587007047
   14.054054054    2.590856083    2.587728678    2.586631533
   14.069069069    2.584538021    2.591193311    2.592581194
   14.084084084    2.590842088    2.607195076    2.611085575
   14.099099099    2.616195922    2.641847358    2.648171857
   14.114114114    2.663209299    2.696437816    2.704761226
   14.129129129    2.727422200    2.765762599    2.775428439
   14.144144144    2.798748991    2.839705620    2.850042322
   14.159159159    2.870256949    2.910847056    2.921067379
   14.174174174    2.940843664    2.977457319    2.986628738
   14.189189189    3.012471469    3.041823961    3.049101991
   14.204204204    3.087194532    3.106880328    3.111663959
   14.219219219    3.159643141    3.167922494    3.169818748
   14.234234234    3.218776360    3.213927098    3.212570394
   14.249249249    3.255611397    3.235414260    3.230325230
   14.264264264    3.264339748    3.227648492    3.218609532
   14.279279279    3.245428935    3.195287196    3.183050262
   14.294294294    3.207796450    3.152569988    3.139084379
   14.309309309    3.163428783    3.113268275    3.100886472
   14.324324324    3.123274529    3.086108815    3.076719155
   14.339339339    3.089644750    3.070770598    3.065752383
   14.354354354    3.049932652    3.051177565    3.051179700
   14.369369369    2.986990141    3.005631187    3.010154598
   14.384384384    2.902943140    2.933881364    2.941688094
   14.399399399    2.821811859    2.861222240    2.871293071
   14.414414414    2.768405381    2.814013025    2.825705643
   14.429429429    2.754572967    2.803962036    2.816596300
   14.444444444    2.780175016    2.830879812    2.843767548
   14.459459459    2.837555786    2.887356441    2.899890810
   14.474474474    2.916376322    2.962542564    2.973999051
   14.489489489    3.009362769    3.048453955    3.057952647
   14.504504505    3.111684625    3.139624627    3.146176400
   14.519519520    3.221662435    3.234597134    3.237312485
   14.534534535    3.343695795    3.339430397    3.337855388
   14.549549550    3.477411925    3.454976677    3.448965593
   14.564564565    3.611326622    3.569150845    3.558403753
   14.579579580    3.735480921    3.671603688    3.655711673
   14.594594595    3.848653770    3.762624051    3.741535765
   14.609609610    3.948848387    3.842676614    3.816907541
   14.624624625    4.035077616    3.913667963    3.884326648
   14.639639640    4.110509379    3.982749246    3.951741566
   14.654654655    4.168418135    4.049013670    4.019570852
   14.669669670    4.185304067    4.091587995    4.067773407
   14.684684685    4.148651873    4.091105426    4.075699917
   14.699699700    4.076598601    4.054971789    4.048315722
   14.714714715    3.997219010    4.005829987    4.006843788
   14.729729730    3.926066226    3.957186906    3.964145426
   14.744744745    3.857290541    3.902704183    3.913601382
   14.759759760    3.770393721    3.825251090    3.838830250
   14.774774775    3.662430959    3.724858869    3.740599095
   14.789789790    3.561717616    3.629092800    3.646272314
   14.804804805    3.499388995    3.567945548    3.585517635
   14.819819820    3.490241318    3.556226501    3.573129943
   14.834834835    3.534568777    3.594070140    3.609226555
   14.849849850    3.618845946    3.669120382    3.681816456
   14.864864865    3.723242600    3.765300715    3.775839262
   14.879879880    3.831113409    3.872089564    3.882327239
   14.894894895    3.935693480    3.987606721    4.000630406
   14.909909910    4.045911796    4.114145064    4.131362369
   14.924924925    4.172223401    4.246906082    4.265706723
   14.939939940    4.303683050    4.368455743    4.384533371
   14.954954955    4.418774265    4.464054215    4.475005011
   14.969969970    4.508276857    4.533753201    4.539606826
   14.984984985    4.571108494    4.577853003    4.578947121
   15.000000000    4.606022037    4.589113737    4.584274553
