# energy grid [eV]     epsi_x  epsi_y  epsi_z
#
    0.000000000    0.000000000    0.000000000    0.000000000
    0.015015015    0.081199732    0.089942385    0.092109430
    0.030030030    0.162736737    0.180347929    0.184713251
    0.045045045    0.244954549    0.271690754    0.278317983
    0.060060060    0.328209555    0.364467571    0.373455149
    0.075075075    0.412878270    0.459210712    0.470695731
    0.090090090    0.499365724    0.556503462    0.570667225
    0.105105105    0.588115530    0.656998863    0.674074606
    0.120120120    0.679622371    0.761443596    0.781727034
    0.135135135    0.774447978    0.870709254    0.894572908
    0.150150150    0.873242130    0.985834352    1.013747080
    0.165165165    0.976770978    1.108082188    1.140636016
    0.180180180    1.085956201    1.239022369    1.276969791
    0.195195195    1.201930466    1.380648310    1.424954930
    0.210210210    1.326117883    1.535550421    1.587470482
    0.225225225    1.460353515    1.707176952    1.768363764
    0.240240240    1.607064815    1.900234785    1.972905282
    0.255255255    1.769551807    2.121314681    2.208499108
    0.270270270    1.952422394    2.379870435    2.485796236
    0.285285285    2.162254392    2.689716259    2.820398352
    0.300300300    2.408509795    3.071097863    3.235215950
    0.315315315    2.704374642    3.552569311    3.762608352
    0.330330330    3.065689638    4.168385712    4.441424134
    0.345345345    3.501635523    4.936613593    5.292083084
    0.360360360    3.986451476    5.792914426    6.241058104
    0.375375375    4.433982127    6.530811568    7.052239285
    0.390390390    4.777623692    6.987774356    7.538401884
    0.405405405    5.095481295    7.336704133    7.895005902
    0.420420420    5.529867320    7.897122100    8.485942506
    0.435435435    6.158676901    8.833379753    9.497894888
    0.450450450    6.961823440   10.073881638   10.847344670
    0.465465465    7.817030507   11.297524914   12.164202593
    0.480480480    8.592858067   12.145099984   13.031647917
    0.495495495    9.301635328   12.568204022   13.384650792
    0.510510511   10.127625133   12.887574808   13.577425137
    0.525525526   11.268836403   13.433004213   13.973569638
    0.540540541   12.786520508   14.268412868   14.638131516
    0.555555556   14.605084283   15.400212288   15.597237761
    0.570570571   16.469398986   16.786265792   16.862217140
    0.585585586   18.135094528   18.180763156   18.188265807
    0.600600601   19.610280682   19.344330894   19.274195102
    0.615615616   20.833826513   20.313464318   20.179194770
    0.630630631   21.686802036   21.397950084   21.319921780
    0.645645646   22.427342292   22.946058192   23.068400275
    0.660660661   23.398014712   25.054196295   25.460001497
    0.675675676   24.689520102   27.588078037   28.304115017
    0.690690691   26.366449933   30.367977409   31.360538742
    0.705705706   28.436632379   33.121972781   34.287372470
    0.720720721   30.913896866   35.777177029   36.988543720
    0.735735736   33.856900167   38.576877877   39.751934424
    0.750750751   37.133305496   41.643024103   42.764043223
    0.765765766   40.597634235   44.781142834   45.821000595
    0.780780781   44.285798461   47.743453563   48.604477408
    0.795795796   48.088070204   50.337761899   50.899940736
    0.810810811   51.626284341   52.382246065   52.573432215
    0.825825826   54.918477951   53.987716600   53.759375677
    0.840840841   58.325221345   55.437769145   54.722099987
    0.855855856   61.974370995   56.994652102   55.756261107
    0.870870871   65.805761468   58.857551332   57.125553215
    0.885885886   69.507729574   60.902808208   58.753037373
    0.900900901   72.118614685   62.524796574   60.121855830
    0.915915916   72.974366165   63.352903003   60.937519042
    0.930930931   72.598655254   63.786029259   61.569775498
    0.945945946   71.584073352   64.177671125   62.311228207
    0.960960961   70.172703469   64.599297838   63.189684083
    0.975975976   68.700267746   65.198484350   64.306026391
    0.990990991   67.674405632   66.155014225   65.758626750
    1.006006006   67.473759478   67.514649043   67.509363084
    1.021021021   68.206704518   69.376829021   69.654108588
    1.036036036   69.832257866   71.999937315   72.525803944
    1.051051051   72.328827808   75.556208557   76.345838367
    1.066066066   75.441307176   79.808122444   80.881719021
    1.081081081   78.794548504   84.271649155   85.623997878
    1.096096096   82.184444299   88.375456672   89.910666097
    1.111111111   85.579935598   91.741813063   93.274301850
    1.126126126   89.241923807   94.707317836   96.066781326
    1.141141141   93.560931247   98.023669565   99.130568175
    1.156156156   98.307293518  101.733941619  102.579758637
    1.171171171  102.989093760  105.408596154  106.000755818
    1.186186186  107.906648213  109.357064813  109.704086778
    1.201201201  113.482168616  114.107211162  114.245021900
    1.216216216  119.668996090  119.636385416  119.607328439
    1.231231231  126.648699657  126.129673220  125.974979343
    1.246246246  134.843866878  134.054640357  133.827774680
    1.261261261  143.780490788  142.877723496  142.620599728
    1.276276276  152.331789058  151.343868372  151.066397793
    1.291291291  159.502762535  158.402128343  158.100511473
    1.306306306  163.993423247  162.802082499  162.485390257
    1.321321321  164.781269713  163.698993902  163.418233032
    1.336336336  161.981811936  161.297351878  161.124680849
    1.351351351  156.358165174  156.168454419  156.128102030
    1.366366366  148.825126952  148.859993266  148.883473547
    1.381381381  140.292289086  140.123903864  140.100844735
    1.396396396  131.660281806  131.122905476  131.007236913
    1.411411411  123.603145643  122.813620227  122.632677181
    1.426426426  116.125451331  115.228295003  115.019112489
    1.441441441  108.970873909  108.031464642  107.811053386
    1.456456456  102.244957157  101.285761803  101.059342527
    1.471471471   96.245202418   95.311943941   95.090523323
    1.486486486   90.937760555   90.066815188   89.860307609
    1.501501502   85.888836402   85.075502492   84.883727357
    1.516516517   80.793371720   80.071187838   79.901986814
    1.531531532   75.898274337   75.378920324   75.258771029
    1.546546547   71.598946555   71.356297646   71.303617132
    1.561561562   67.899640295   67.863901787   67.862252393
    1.576576577   64.609602970   64.641728008   64.656552119
    1.591591592   61.740772116   61.733033241   61.737170661
    1.606606607   59.294345588   59.187350098   59.166139498
    1.621621622   57.159832814   56.943256871   56.894185874
    1.636636637   55.222306913   54.928812945   54.860107457
    1.651651652   53.374181855   53.084595277   53.016219046
    1.666666667   51.638367616   51.493633056   51.460170499
    1.681681682   50.138418198   50.279711595   50.316263656
    1.696696697   48.929510863   49.390971010   49.506758036
    1.711711712   47.906881088   48.589023092   48.760134671
    1.726726727   46.910337616   47.660808187   47.849635381
    1.741741742   45.882813427   46.608591134   46.791805113
    1.756756757   44.836431424   45.542235145   45.721002623
    1.771771772   43.725078559   44.465945946   44.654085402
    1.786786787   42.594625491   43.425178429   43.635922333
    1.801801802   41.708840538   42.635106826   42.869582321
    1.816816817   41.216626092   42.162609415   42.401975522
    1.831831832   41.021669025   41.878117069   42.095044042
    1.846846847   40.981146244   41.671830468   41.847095190
    1.861861862   40.960210089   41.448696643   41.573259922
    1.876876877   40.839523907   41.144202531   41.222689653
    1.891891892   40.615752330   40.760373607   40.798937967
    1.906906907   40.338045973   40.250754219   40.231815572
    1.921921922   39.947614583   39.522139788   39.419070234
    1.936936937   39.202491186   38.483966112   38.307580858
    1.951951952   37.890326836   37.096800126   36.901342053
    1.966966967   36.135112251   35.459187732   35.293048246
    1.981981982   34.241374386   33.743990925   33.622624248
    1.996996997   32.497262052   32.168474410   32.089233419
    2.012012012   31.131713477   30.926545118   30.878011723
    2.027027027   30.208486276   30.061075018   30.026729796
    2.042042042   29.656484586   29.511494236   29.477507200
    2.057057057   29.373250105   29.177855773   29.131050233
    2.072072072   29.172156128   28.875611366   28.803326998
    2.087087087   28.835717319   28.432448882   28.333259787
    2.102102102   28.279033099   27.847208232   27.740614088
    2.117117117   27.544498907   27.192231952   27.105410141
    2.132132132   26.691137565   26.477924498   26.425946838
    2.147147147   25.764225466   25.684014578   25.665488370
    2.162162162   24.765032075   24.751737708   24.750205057
    2.177177177   23.698046575   23.669894355   23.664793957
    2.192192192   22.623614011   22.550256306   22.533782926
    2.207207207   21.636597861   21.541902576   21.519921049
    2.222222222   20.809969716   20.710158895   20.686780788
    2.237237237   20.122744807   20.004161387   19.976037963
    2.252252252   19.496876130   19.354909644   19.320817050
    2.267267267   18.932392384   18.781411621   18.744804606
    2.282282282   18.498601810   18.343723449   18.305883039
    2.297297297   18.174836957   18.014514272   17.975207585
    2.312312312   17.843855426   17.693460408   17.656652488
    2.327327327   17.476980676   17.368356373   17.341956293
    2.342342342   17.136369859   17.097007361   17.087879231
    2.357357357   16.810027270   16.837484379   16.845164155
    2.372372372   16.451061162   16.513002160   16.529446740
    2.387387387   16.086785455   16.167014022   16.188009461
    2.402402402   15.722185433   15.867276365   15.904372191
    2.417417417   15.280166046   15.572096745   15.645868552
    2.432432432   14.747234301   15.232139118   15.354176666
    2.447447447   14.214526673   14.867750153   15.031916700
    2.462462462   13.740108364   14.491671372   14.680495233
    2.477477477   13.314875772   14.094585835   14.290498739
    2.492492492   12.924998351   13.676273835   13.865116196
    2.507507508   12.563110783   13.225774532   13.392535242
    2.522522523   12.223342890   12.736780733   12.866284131
    2.537537538   11.911321251   12.247905835   12.333146780
    2.552552553   11.616480233   11.793038209   11.838158715
    2.567567568   11.330431090   11.385505205   11.400108051
    2.582582583   11.062789206   11.036073117   11.030073277
    2.597597598   10.803588159   10.732322019   10.715070937
    2.612612613   10.547023962   10.453217939   10.430318303
    2.627627628   10.298133353   10.175209045   10.145103106
    2.642642643   10.056699312    9.887281486    9.845616155
    2.657657658    9.831625046    9.611605885    9.557302483
    2.672672673    9.624829327    9.364259253    9.299815849
    2.687687688    9.419931405    9.134980602    9.064446947
    2.702702703    9.223953938    8.928539687    8.855385368
    2.717717718    9.065438969    8.767708644    8.693954791
    2.732732733    8.944397944    8.650415329    8.577555104
    2.747747748    8.827526224    8.542712466    8.472070478
    2.762762763    8.699556640    8.425509437    8.357469795
    2.777777778    8.595324928    8.327575636    8.261034471
    2.792792793    8.528079640    8.263590307    8.197831487
    2.807807808    8.459856838    8.203163333    8.139351275
    2.822822823    8.363295743    8.124794129    8.065531096
    2.837837838    8.237493782    8.016321517    7.961429629
    2.852852853    8.079660366    7.858468524    7.803619265
    2.867867868    7.889135024    7.660202465    7.603381671
    2.882882883    7.669674931    7.448364518    7.393347664
    2.897897898    7.424476521    7.230798535    7.182639915
    2.912912913    7.155020007    6.992393737    6.952046141
    2.927927928    6.868385060    6.730078842    6.695878586
    2.942942943    6.590701411    6.479526042    6.452139769
    2.957957958    6.342437687    6.269298289    6.251452023
    2.972972973    6.127103815    6.097266539    6.090281803
    2.987987988    5.946262376    5.957975441    5.961384461
    3.003003003    5.800952988    5.852916914    5.866348726
    3.018018018    5.680969895    5.775102787    5.799012797
    3.033033033    5.561662184    5.700285171    5.735263577
    3.048048048    5.428659314    5.610018119    5.655649288
    3.063063063    5.285970135    5.501881689    5.556139814
    3.078078078    5.154549547    5.391557678    5.451084255
    3.093093093    5.055977606    5.297923370    5.358684653
    3.108108108    4.982880011    5.217296689    5.276181493
    3.123123123    4.915199079    5.141646166    5.198533986
    3.138138138    4.854063602    5.079006708    5.135511823
    3.153153153    4.809153227    5.035012254    5.091748935
    3.168168168    4.770764292    4.995388879    5.051826907
    3.183183183    4.720838152    4.939069010    4.993915762
    3.198198198    4.665173615    4.864455015    4.914563071
    3.213213213    4.616018862    4.781177568    4.822743700
    3.228228228    4.565964099    4.694593694    4.727001769
    3.243243243    4.491336254    4.597016719    4.623664741
    3.258258258    4.378687228    4.473618447    4.497573904
    3.273273273    4.246582078    4.329041591    4.349889147
    3.288288288    4.118954639    4.181106248    4.196893243
    3.303303303    4.006510660    4.046068965    4.056213804
    3.318318318    3.906144097    3.929232371    3.935255341
    3.333333333    3.806751919    3.820537053    3.824233803
    3.348348348    3.707238589    3.711627342    3.712972463
    3.363363363    3.621666599    3.612555080    3.610500901
    3.378378378    3.567502423    3.543938631    3.538228875
    3.393393393    3.546479127    3.511853859    3.503339615
    3.408408408    3.543095128    3.504299443    3.494723123
    3.423423423    3.540281462    3.504124576    3.495218508
    3.438438438    3.527120651    3.494273193    3.486228169
    3.453453453    3.501516190    3.464915740    3.455975276
    3.468468468    3.462453489    3.411354319    3.398834858
    3.483483483    3.406932177    3.333254178    3.315123853
    3.498498498    3.347506865    3.247922817    3.223320354
    3.513513514    3.310226381    3.183625076    3.152243884
    3.528528529    3.306418490    3.153770749    3.115842253
    3.543543544    3.326453970    3.149305736    3.105228176
    3.558558559    3.346884227    3.147558618    3.097933391
    3.573573574    3.338892798    3.124246214    3.070794766
    3.588588589    3.287718776    3.069036948    3.014572617
    3.603603604    3.200416652    2.990933737    2.938752847
    3.618618619    3.093047919    2.905601779    2.858905410
    3.633633634    2.974656153    2.819474044    2.780817854
    3.648648649    2.855182423    2.735490773    2.705685342
    3.663663664    2.750246156    2.662172110    2.640256306
    3.678678679    2.666867660    2.602943712    2.587064271
    3.693693694    2.599223080    2.551836334    2.540101739
    3.708708709    2.538671443    2.503218454    2.494478645
    3.723723724    2.482940518    2.458837632    2.452934253
    3.738738739    2.432861307    2.423110614    2.420783733
    3.753753754    2.379609317    2.390371166    2.393169764
    3.768768769    2.311675287    2.349603761    2.359205515
    3.783783784    2.236479710    2.301442041    2.317812578
    3.798798799    2.172781974    2.255505344    2.276314250
    3.813813814    2.128565361    2.218400853    2.240976422
    3.828828829    2.097168479    2.190080254    2.213411588
    3.843843844    2.071317169    2.168800263    2.193270051
    3.858858859    2.048228809    2.151450042    2.177362528
    3.873873874    2.027989455    2.135946446    2.163050507
    3.888888889    2.014226530    2.125398381    2.153303703
    3.903903904    2.009102905    2.121710591    2.149967588
    3.918918919    2.006895821    2.118924534    2.147031001
    3.933933934    1.999349930    2.109256237    2.136826991
    3.948948949    1.987920553    2.095470256    2.122442421
    3.963963964    1.981064327    2.088159708    2.115006913
    3.978978979    1.978516924    2.088166203    2.115649109
    3.993993994    1.972787135    2.083666551    2.111469586
    4.009009009    1.959916675    2.063563326    2.089582459
    4.024024024    1.935801942    2.022909394    2.044815132
    4.039039039    1.896536930    1.962983394    1.979730031
    4.054054054    1.849059631    1.894412201    1.905876834
    4.069069069    1.808362344    1.832648313    1.838833096
    4.084084084    1.779224428    1.783953511    1.785240469
    4.099099099    1.753533173    1.743114225    1.740611134
    4.114114114    1.724016494    1.703909214    1.698983039
    4.129129129    1.689983879    1.665021800    1.658880837
    4.144144144    1.656286817    1.629947135    1.623460023
    4.159159159    1.631248917    1.604288130    1.597643473
    4.174174174    1.618512955    1.590206379    1.583223603
    4.189189189    1.611698434    1.582346270    1.575104534
    4.204204204    1.602054151    1.572907951    1.565723661
    4.219219219    1.588233670    1.560110334    1.553184189
    4.234234234    1.573819971    1.546546376    1.539829345
    4.249249249    1.558262397    1.529754452    1.522725033
    4.264264264    1.537849332    1.503919798    1.495529726
    4.279279279    1.514877666    1.472066420    1.461445722
    4.294294294    1.496009287    1.444385028    1.431550080
    4.309309309    1.484765957    1.427016998    1.412644917
    4.324324324    1.481433267    1.419694690    1.404323574
    4.339339339    1.482917894    1.417679264    1.401431887
    4.354354354    1.484443593    1.416265439    1.399282411
    4.369369369    1.485785990    1.414230101    1.396406997
    4.384384384    1.484711254    1.407511468    1.388288826
    4.399399399    1.470903187    1.388212996    1.367629141
    4.414414414    1.438034659    1.355153301    1.334522440
    4.429429429    1.391789426    1.316104986    1.297262403
    4.444444444    1.344054677    1.280006053    1.264058613
    4.459459459    1.303041402    1.251159677    1.238245285
    4.474474474    1.269152816    1.229361105    1.219464199
    4.489489489    1.241465474    1.215233679    1.208722622
    4.504504505    1.219109597    1.208339186    1.205693257
    4.519519520    1.199033956    1.203104256    1.204175761
    4.534534535    1.179662386    1.193973833    1.197615718
    4.549549550    1.161088805    1.180401598    1.185298212
    4.564564565    1.140862341    1.163576409    1.169320120
    4.579579580    1.117619978    1.145028144    1.151938636
    4.594594595    1.096436461    1.128605519    1.136698501
    4.609609610    1.084582627    1.119186456    1.127879686
    4.624624625    1.083746298    1.118142317    1.126778577
    4.639639640    1.088384912    1.121810843    1.130206071
    4.654654655    1.092053789    1.126119248    1.134679739
    4.669669670    1.093685654    1.129859194    1.138952490
    4.684684685    1.094757352    1.133015019    1.142632423
    4.699699700    1.093902654    1.134700648    1.144953192
    4.714714715    1.086935088    1.131538510    1.142743875
    4.729729730    1.070541082    1.118439421    1.130473264
    4.744744745    1.048474112    1.096635438    1.108736972
    4.759759760    1.029469549    1.075164879    1.086646271
    4.774774775    1.018370497    1.060293674    1.070827475
    4.789789790    1.013598259    1.051661345    1.061226865
    4.804804805    1.011382404    1.046592326    1.055441034
    4.819819820    1.007361457    1.041261212    1.049778719
    4.834834835    0.996893060    1.030534575    1.038986777
    4.849849850    0.980114778    1.013307097    1.021649555
    4.864864865    0.962348793    0.993655250    1.001529352
    4.879879880    0.946201306    0.973596689    0.980495580
    4.894894895    0.929993554    0.952049001    0.957613193
    4.909909910    0.914239251    0.930619755    0.934762104
    4.924924925    0.902770275    0.913123830    0.915754780
    4.939939940    0.897958746    0.901387618    0.902282965
    4.954954955    0.898059973    0.894727929    0.893928451
    4.969969970    0.899885002    0.891498096    0.889430844
    4.984984985    0.902630241    0.891175349    0.888339207
    5.000000000    0.907503058    0.894277321    0.890999348
    5.015015015    0.915263354    0.900004926    0.896221407
    5.030030030    0.925015222    0.905705640    0.900912676
    5.045045045    0.933039175    0.907495196    0.901147379
    5.060060060    0.935285494    0.902930285    0.894882248
    5.075075075    0.933908424    0.895420004    0.885837507
    5.090090090    0.934215724    0.890880243    0.880081906
    5.105105105    0.936601608    0.890768448    0.879342161
    5.120120120    0.938282548    0.893033624    0.881750388
    5.135135135    0.939230845    0.897211343    0.886730026
    5.150150150    0.941691141    0.904754940    0.895538790
    5.165165165    0.946722566    0.916068692    0.908420961
    5.180180180    0.953616329    0.929471339    0.923452069
    5.195195195    0.959061609    0.940324455    0.935660257
    5.210210210    0.959208531    0.944244407    0.940526295
    5.225225225    0.953876376    0.941802162    0.938807886
    5.240240240    0.946625045    0.937128662    0.934778871
    5.255255255    0.940027590    0.932860010    0.931091920
    5.270270270    0.934775215    0.929511162    0.928216866
    5.285285285    0.933098594    0.928537052    0.927413244
    5.300300300    0.938224233    0.932597424    0.931200370
    5.315315315    0.950448624    0.942792320    0.940883172
    5.330330330    0.964820486    0.955686650    0.953408479
    5.345345345    0.975494857    0.966657991    0.964457343
    5.360360360    0.981043896    0.974589917    0.972985701
    5.375375375    0.983773231    0.981468121    0.980897364
    5.390390390    0.986447150    0.989280785    0.989988543
    5.405405405    0.992477157    0.999738822    1.001547828
    5.420420420    1.004783963    1.014229584    1.016583116
    5.435435435    1.023145200    1.032625308    1.034990054
    5.450450450    1.045525668    1.054497878    1.056737409
    5.465465465    1.070168540    1.079989762    1.082440512
    5.480480480    1.096655148    1.108959077    1.112028253
    5.495495495    1.126279214    1.141495677    1.145288693
    5.510510511    1.159382370    1.177546492    1.182070598
    5.525525526    1.193742151    1.215188417    1.220529160
    5.540540541    1.229312953    1.253907822    1.260032049
    5.555555556    1.270402234    1.297041286    1.303669964
    5.570570571    1.318493199    1.346290121    1.353198698
    5.585585586    1.370421904    1.399762935    1.407045296
    5.600600601    1.423888238    1.455495690    1.463334779
    5.615615616    1.477903435    1.511197011    1.519457539
    5.630630631    1.531215314    1.564005462    1.572148047
    5.645645646    1.582497291    1.611657812    1.618899236
    5.660660661    1.633806835    1.656717550    1.662390945
    5.675675676    1.691602294    1.706556396    1.710222437
    5.690690691    1.762624956    1.768106523    1.769380131
    5.705705706    1.851313520    1.846576859    1.845272559
    5.720720721    1.961028141    1.947224038    1.943634451
    5.735735736    2.093289696    2.073910779    2.068915470
    5.750750751    2.250768699    2.230841398    2.225693071
    5.765765766    2.447404564    2.430730087    2.426357217
    5.780780781    2.701959563    2.689318658    2.685889318
    5.795795796    3.027754474    3.018137728    3.015380668
    5.810810811    3.426693752    3.418902093    3.416526537
    5.825825826    3.869760250    3.862674879    3.860446931
    5.840840841    4.294879696    4.288367783    4.286306283
    5.855855856    4.650734556    4.646961067    4.645626646
    5.870870871    4.918364260    4.919587335    4.919550672
    5.885885886    5.099373952    5.105262377    5.106436291
    5.900900901    5.222789285    5.230675861    5.232367545
    5.915915916    5.323693854    5.331025732    5.332586665
    5.930930931    5.415559914    5.422399792    5.423846155
    5.945945946    5.500255503    5.506822751    5.508206512
    5.960960961    5.573165009    5.574833202    5.574999761
    5.975975976    5.640755659    5.629802411    5.626809514
    5.990990991    5.720689422    5.693418064    5.686335950
    6.006006006    5.811089974    5.770892912    5.760580935
    6.021021021    5.895581332    5.849209214    5.837363637
    6.036036036    5.968632083    5.921434162    5.909382757
    6.051051051    6.036355680    5.992260470    5.980971490
    6.066066066    6.106955447    6.070714743    6.061371827
    6.081081081    6.189560502    6.166608597    6.160572590
    6.096096096    6.282741612    6.275080109    6.272872397
    6.111111111    6.376457695    6.381112431    6.382015067
    6.126126126    6.470866704    6.484529998    6.487724202
    6.141141141    6.567733667    6.589551748    6.594835794
    6.156156156    6.649072291    6.677540956    6.684548766
    6.171171171    6.691749436    6.721092023    6.728373176
    6.186186186    6.686449067    6.709969887    6.715840202
    6.201201201    6.638896918    6.654818880    6.658817977
    6.216216216    6.567838857    6.577646656    6.580115767
    6.231231231    6.497697160    6.502357924    6.503517452
    6.246246246    6.447568515    6.447389708    6.447304803
    6.261261261    6.433528301    6.430188533    6.429266584
    6.276276276    6.453804338    6.451918726    6.451339917
    6.291291291    6.474427016    6.479216245    6.480343661
    6.306306306    6.451834055    6.463401603    6.466292932
    6.321321321    6.366027334    6.378820949    6.382072462
    6.336336336    6.242382368    6.251387758    6.253684918
    6.351351351    6.140071592    6.144145184    6.145133391
    6.366366366    6.104405348    6.104469200    6.104350197
    6.381381381    6.146284329    6.144542821    6.143877921
    6.396396396    6.253815424    6.254743142    6.254675452
    6.411411411    6.401231744    6.409455159    6.411189114
    6.426426426    6.536330389    6.554452267    6.558726869
    6.441441441    6.582190662    6.608195883    6.614588950
    6.456456456    6.501284675    6.529449093    6.536525982
    6.471471471    6.334788246    6.360267413    6.366744889
    6.486486486    6.151408052    6.171074965    6.176111190
    6.501501502    5.996857920    6.007206704    6.009891645
    6.516516517    5.888421358    5.884978687    5.884171903
    6.531531532    5.829225398    5.808327503    5.803094265
    6.546546547    5.826692131    5.789175397    5.779712372
    6.561561562    5.873002851    5.828669311    5.817460880
    6.576576577    5.922127034    5.887721758    5.879015280
    6.591591592    5.931334978    5.919982554    5.917078937
    6.606606607    5.897339334    5.908046667    5.910684887
    6.621621622    5.829838777    5.850014157    5.855052968
    6.636636637    5.732337069    5.751062139    5.755783149
    6.651651652    5.610326516    5.623897488    5.627363958
    6.666666667    5.479145941    5.487040642    5.489088264
    6.681681682    5.355982600    5.357352364    5.357744377
    6.696696697    5.243224886    5.237982096    5.236696987
    6.711711712    5.137835678    5.127190972    5.124525272
    6.726726727    5.052970808    5.036870234    5.032787513
    6.741741742    5.005488854    4.984862373    4.979585134
    6.756756757    4.989791559    4.970975001    4.966101556
    6.771771772    4.989502651    4.981834248    4.979709154
    6.786786787    5.004221778    5.008610580    5.009440136
    6.801801802    5.040517778    5.048366835    5.049992834
    6.816816817    5.091647167    5.096568423    5.097418355
    6.831831832    5.147779219    5.148408204    5.148168319
    6.846846847    5.207535355    5.203617432    5.202248177
    6.861861862    5.263309593    5.257183877    5.255308303
    6.876876877    5.288885202    5.284335560    5.282955196
    6.891891892    5.249470450    5.246391321    5.245516059
    6.906906907    5.134711438    5.129237495    5.127870659
    6.921921922    4.971963434    4.962401600    4.960045233
    6.936936937    4.801454141    4.789937194    4.787065886
    6.951951952    4.652682775    4.643119404    4.640705323
    6.966966967    4.532740764    4.529947110    4.529213988
    6.981981982    4.439746780    4.444789667    4.446003547
    6.996996997    4.371125875    4.378959215    4.380849502
    7.012012012    4.324381212    4.331197168    4.332805085
    7.027027027    4.304767928    4.312376987    4.314147375
    7.042042042    4.321386054    4.331476966    4.333839915
    7.057057057    4.370306663    4.380824553    4.383305047
    7.072072072    4.433339267    4.439882984    4.441432038
    7.087087087    4.490391517    4.488921591    4.488553419
    7.102102102    4.524430777    4.514435088    4.511999231
    7.117117117    4.526611705    4.511677386    4.508037002
    7.132132132    4.493605985    4.481399974    4.478458967
    7.147147147    4.414802546    4.414294103    4.414299142
    7.162162162    4.279849063    4.294575735    4.298406203
    7.177177177    4.105988582    4.132617645    4.139418804
    7.192192192    3.931078813    3.963955969    3.972298195
    7.207207207    3.783025494    3.816890069    3.825458277
    7.222222222    3.665600044    3.695132906    3.702617404
    7.237237237    3.562296000    3.582312519    3.587436683
    7.252252252    3.463999947    3.469793311    3.471357720
    7.267267267    3.386350730    3.376317067    3.373876458
    7.282282282    3.348209908    3.325929362    3.320358014
    7.297297297    3.354979439    3.325333845    3.317868328
    7.312312312    3.397193974    3.364583115    3.356357971
    7.327327327    3.454584274    3.425150914    3.417733602
    7.342342342    3.503641042    3.483643070    3.478624550
    7.357357357    3.525392462    3.517524906    3.515598131
    7.372372372    3.508115606    3.511390166    3.512309389
    7.387387387    3.453709098    3.465973637    3.469176256
    7.402402402    3.384124610    3.401356862    3.405795002
    7.417417417    3.325400975    3.339937317    3.343661466
    7.432432432    3.284660164    3.289338863    3.290559998
    7.447447447    3.242709138    3.237074990    3.235706511
    7.462462462    3.175944517    3.167275347    3.165157276
    7.477477477    3.082848129    3.080778710    3.080329396
    7.492492492    2.982196320    2.991632410    2.994082767
    7.507507508    2.893457745    2.911134302    2.915665728
    7.522522523    2.817361117    2.835286425    2.839890858
    7.537537538    2.745577612    2.757221268    2.760243040
    7.552552553    2.683221166    2.685350662    2.685952430
    7.567567568    2.645177922    2.637097272    2.635083614
    7.582582583    2.638673517    2.621290219    2.616887386
    7.597597598    2.661765774    2.635847982    2.629266379
    7.612612613    2.708697463    2.675167514    2.666658030
    7.627627628    2.768316533    2.730375163    2.720759285
    7.642642643    2.823500910    2.787302120    2.778148214
    7.657657658    2.854446297    2.827466762    2.820686922
    7.672672673    2.840379896    2.830367212    2.827937856
    7.687687688    2.776856107    2.788932855    2.792123420
    7.702702703    2.695221429    2.726728110    2.734804417
    7.717717718    2.635204902    2.676468398    2.686949128
    7.732732733    2.603165416    2.644743810    2.655249123
    7.747747748    2.577742278    2.615120195    2.624531055
    7.762762763    2.539486353    2.570983161    2.578898751
    7.777777778    2.484563250    2.508871936    2.514981441
    7.792792793    2.422767779    2.439548705    2.443771969
    7.807807808    2.367206748    2.375675908    2.377813250
    7.822822823    2.324459210    2.322319259    2.321793873
    7.837837838    2.293390069    2.279523448    2.276062174
    7.852852853    2.268614655    2.244876492    2.238953571
    7.867867868    2.247084563    2.216532460    2.208910207
    7.882882883    2.229466329    2.196030708    2.187681775
    7.897897898    2.213851471    2.183400266    2.175792898
    7.912912913    2.199747808    2.176853882    2.171135932
    7.927927928    2.195058651    2.179576628    2.175704359
    7.942942943    2.204459083    2.194043790    2.191427898
    7.957957958    2.218588043    2.212974800    2.211558784
    7.972972973    2.225709993    2.226369864    2.226533178
    7.987987988    2.221612380    2.230410181    2.232631690
    8.003003003    2.205512459    2.224505994    2.229305641
    8.018018018    2.184627176    2.213166174    2.220360476
    8.033033033    2.178556288    2.209913548    2.217786540
    8.048048048    2.196143606    2.219245762    2.225020539
    8.063063063    2.219070336    2.226710034    2.228608786
    8.078078078    2.219487694    2.214972829    2.213850427
    8.093093093    2.183715450    2.177558486    2.176050350
    8.108108108    2.120285508    2.120987927    2.121210120
    8.123123123    2.046699333    2.055865712    2.058211542
    8.138138138    1.975465077    1.988884520    1.992300971
    8.153153153    1.913560240    1.925055274    1.927999322
    8.168168168    1.860073518    1.865601231    1.867060139
    8.183183183    1.810895932    1.810097520    1.809974570
    8.198198198    1.766582372    1.761743218    1.760599293
    8.213213213    1.731657162    1.725095495    1.723499230
    8.228228228    1.709756788    1.702355080    1.700519937
    8.243243243    1.706519180    1.697477336    1.695197931
    8.258258258    1.728252620    1.715711165    1.712517929
    8.273273273    1.773422856    1.756618772    1.752323908
    8.288288288    1.831809280    1.811603457    1.806442189
    8.303303303    1.891250254    1.868038973    1.862137280
    8.318318318    1.944370198    1.918492501    1.911950659
    8.333333333    1.983360937    1.958536074    1.952294740
    8.348348348    1.998982169    1.981807212    1.977522172
    8.363363363    1.989008586    1.984549580    1.983480468
    8.378378378    1.959619386    1.968641722    1.970960768
    8.393393393    1.918616638    1.937129061    1.941822769
    8.408408408    1.871193213    1.893997373    1.899766714
    8.423423423    1.820237097    1.844569775    1.850731947
    8.438438438    1.766275717    1.790194473    1.796262542
    8.453453453    1.711353590    1.732445502    1.737806661
    8.468468468    1.659917061    1.676988177    1.681338760
    8.483483483    1.613544154    1.626825489    1.630223620
    8.498498498    1.569019005    1.578877110    1.581415429
    8.513513514    1.522495369    1.529151876    1.530879191
    8.528528529    1.475625032    1.479807306    1.480894630
    8.543543544    1.437272641    1.439708618    1.440332366
    8.558558559    1.416831758    1.417510710    1.417669604
    8.573573574    1.418715879    1.417133028    1.416702398
    8.588588589    1.445460724    1.441000798    1.439824095
    8.603603604    1.495312418    1.487903481    1.485963367
    8.618618619    1.558022157    1.548227210    1.545675690
    8.633633634    1.622277625    1.609572004    1.606293903
    8.648648649    1.681452504    1.663236671    1.658599673
    8.663663664    1.728954425    1.702461521    1.695788018
    8.678678679    1.757429674    1.724367426    1.716083934
    8.693693694    1.763321589    1.731703928    1.723809176
    8.708708709    1.746182243    1.726003936    1.720995195
    8.723723724    1.709765652    1.706580675    1.705843379
    8.738738739    1.661596138    1.674324880    1.677579896
    8.753753754    1.610429100    1.633751666    1.639656280
    8.768768769    1.562099903    1.589520254    1.596445873
    8.783783784    1.518107655    1.544351874    1.550982286
    8.798798799    1.477888688    1.499666098    1.505180502
    8.813813814    1.439260967    1.455215788    1.459276987
    8.828828829    1.398590940    1.409303346    1.412050983
    8.843843844    1.355542951    1.363229193    1.365205680
    8.858858859    1.316497243    1.322861454    1.324488049
    8.873873874    1.289473766    1.293800567    1.294899993
    8.888888889    1.277886548    1.278309342    1.278416227
    8.903903904    1.279857585    1.275740297    1.274697366
    8.918918919    1.290899495    1.283592293    1.281738679
    8.933933934    1.308363017    1.300008625    1.297879407
    8.948948949    1.334066436    1.326140007    1.324103253
    8.963963964    1.368987912    1.361531397    1.359603758
    8.978978979    1.409734067    1.401194430    1.398996357
    8.993993994    1.453094283    1.441740386    1.438840814
    9.009009009    1.495044070    1.481350440    1.477869356
    9.024024024    1.528277582    1.514916982    1.511529635
    9.039039039    1.547716835    1.536957989    1.534238397
    9.054054054    1.554657270    1.547351512    1.545513243
    9.069069069    1.552422506    1.549258205    1.548471342
    9.084084084    1.542395423    1.545208869    1.545930107
    9.099099099    1.525724242    1.535852001    1.538412406
    9.114114114    1.505328769    1.521493524    1.525571178
    9.129129129    1.484349898    1.503507061    1.508339456
    9.144144144    1.463774450    1.482454373    1.487172200
    9.159159159    1.441944765    1.457184603    1.461043315
    9.174174174    1.417002703    1.427325680    1.429952034
    9.189189189    1.390950938    1.395873305    1.397145425
    9.204204204    1.367857518    1.366797193    1.366570281
    9.219219219    1.350717985    1.342812341    1.340868941
    9.234234234    1.340214227    1.325503714    1.321852662
    9.249249249    1.333104170    1.314163267    1.309448452
    9.264264264    1.326262636    1.307186843    1.302431882
    9.279279279    1.319131959    1.303367335    1.299434494
    9.294294294    1.311672143    1.301469874    1.298921091
    9.309309309    1.304923311    1.301582498    1.300742688
    9.324324324    1.302285299    1.305986641    1.306902273
    9.339339339    1.307886956    1.317292028    1.319627120
    9.354354354    1.322933688    1.335493874    1.338610981
    9.369369369    1.346211004    1.359023759    1.362200586
    9.384384384    1.373317050    1.383565946    1.386110314
    9.399399399    1.394516193    1.399880048    1.401225549
    9.414414414    1.399907709    1.399714802    1.399695209
    9.429429429    1.389580164    1.385317054    1.384293453
    9.444444444    1.373508442    1.367505521    1.366050462
    9.459459459    1.358297729    1.352113913    1.350615421
    9.474474474    1.340712514    1.335317591    1.334023596
    9.489489489    1.314048058    1.311293229    1.310672748
    9.504504505    1.276535502    1.278967822    1.279654948
    9.519519520    1.233715009    1.242613358    1.244915805
    9.534534535    1.193681038    1.207679156    1.211245224
    9.549549550    1.162788155    1.178142262    1.182033734
    9.564564565    1.143002510    1.155457069    1.158609373
    9.579579580    1.132929987    1.139394870    1.141033777
    9.594594595    1.129684438    1.129363242    1.129291973
    9.609609610    1.129471410    1.123856625    1.122455690
    9.624624625    1.129375040    1.120622983    1.118438313
    9.639639640    1.127429000    1.117125061    1.114556945
    9.654654655    1.121962526    1.111145856    1.108457597
    9.669669670    1.111510735    1.101120760    1.098550525
    9.684684685    1.095780854    1.086892583    1.084706827
    9.699699700    1.077440098    1.071533360    1.070091769
    9.714714715    1.062558023    1.060741594    1.060312157
    9.729729730    1.055981181    1.057803170    1.058271173
    9.744744745    1.058464749    1.062056275    1.062955271
    9.759759760    1.067770965    1.071053043    1.071867942
    9.774774775    1.078073111    1.079599292    1.079978128
    9.789789790    1.081554455    1.080791077    1.080606818
    9.804804805    1.074950963    1.072599548    1.072025772
    9.819819820    1.062542351    1.059817308    1.059152270
    9.834834835    1.051328178    1.048578858    1.047906071
    9.849849850    1.045192613    1.042020120    1.041239737
    9.864864865    1.041592348    1.038262402    1.037444542
    9.879879880    1.034049589    1.031861811    1.031336492
    9.894894895    1.017408284    1.017621454    1.017707960
    9.909909910    0.993240167    0.996087909    0.996840528
    9.924924925    0.969671742    0.974458342    0.975693325
    9.939939940    0.953298816    0.959034707    0.960499378
    9.954954955    0.945809298    0.951570382    0.953030362
    9.969969970    0.946296081    0.951365078    0.952638903
    9.984984985    0.952103470    0.955834359    0.956764934
   10.000000000    0.958483515    0.959998654    0.960374738
   10.015015015    0.960746022    0.959530152    0.959227727
   10.030030030    0.956912344    0.953619607    0.952802516
   10.045045045    0.947528169    0.943769405    0.942841458
   10.060060060    0.933674003    0.930857539    0.930175615
   10.075075075    0.915600332    0.914431300    0.914173025
   10.090090090    0.894245174    0.895440516    0.895778103
   10.105105105    0.872744248    0.877077589    0.878193954
   10.120120120    0.855089716    0.861953714    0.863690704
   10.135135135    0.844051292    0.851269502    0.853082805
   10.150150150    0.839748602    0.845422234    0.846840843
   10.165165165    0.841233879    0.844502749    0.845313821
   10.180180180    0.848356957    0.848886054    0.849006836
   10.195195195    0.859350574    0.857392398    0.856889412
   10.210210210    0.870693442    0.867469222    0.866652443
   10.225225225    0.879599855    0.876858705    0.876168943
   10.240240240    0.885004939    0.884006707    0.883761193
   10.255255255    0.885734946    0.886954430    0.887271459
   10.270270270    0.880119383    0.883367920    0.884198835
   10.285285285    0.867793110    0.872134527    0.873244785
   10.300300300    0.852719469    0.856375463    0.857316377
   10.315315315    0.841957377    0.842698816    0.842906701
   10.330330330    0.838844318    0.835003946    0.834060521
   10.345345345    0.840624838    0.832224204    0.830137344
   10.360360360    0.843145490    0.831997488    0.829219949
   10.375375375    0.845037416    0.833435350    0.830538841
   10.390390390    0.846175208    0.835571825    0.832921305
   10.405405405    0.845450584    0.836320792    0.834038141
   10.420420420    0.841853873    0.834322412    0.832440580
   10.435435435    0.836256960    0.830498104    0.829061462
   10.450450450    0.829083264    0.825192385    0.824227942
   10.465465465    0.818025686    0.816019328    0.815533997
   10.480480480    0.801567483    0.801637103    0.801676378
   10.495495495    0.782191268    0.784325620    0.784881899
   10.510510511    0.764034642    0.767795316    0.768755672
   10.525525526    0.749675356    0.754654743    0.755914513
   10.540540541    0.740585546    0.746550163    0.748048201
   10.555555556    0.738531628    0.745097493    0.746737320
   10.570570571    0.743878711    0.750516861    0.752168033
   10.585585586    0.754483441    0.760816048    0.762386753
   10.600600601    0.766110780    0.772207263    0.773719644
   10.615615616    0.773837504    0.780371507    0.781999433
   10.630630631    0.775394658    0.783025324    0.784934724
   10.645645646    0.771828344    0.780770934    0.783014301
   10.660660661    0.764516704    0.774482105    0.776986734
   10.675675676    0.753907014    0.763789234    0.766279027
   10.690690691    0.740744367    0.748900439    0.750963226
   10.705705706    0.727608083    0.732772173    0.734087360
   10.720720721    0.717813521    0.719379119    0.719791280
   10.735735736    0.713548527    0.711233838    0.710670058
   10.750750751    0.714811013    0.708667310    0.707139616
   10.765765766    0.719851587    0.710674393    0.708383445
   10.780780781    0.725852659    0.715206252    0.712546536
   10.795795796    0.729733330    0.719303649    0.716698236
   10.810810811    0.729688340    0.720557431    0.718277417
   10.825825826    0.725384428    0.717841740    0.715961089
   10.840840841    0.718171508    0.711887274    0.710324234
   10.855855856    0.710003436    0.704514397    0.703152985
   10.870870871    0.700843358    0.695986578    0.694787619
   10.885885886    0.688957930    0.684661343    0.683608626
   10.900900901    0.673996062    0.670059300    0.669101334
   10.915915916    0.658330481    0.654640235    0.653743426
   10.930930931    0.644819274    0.641570064    0.640777404
   10.945945946    0.634551726    0.632116101    0.631517457
   10.960960961    0.628285245    0.626933480    0.626595814
   10.975975976    0.627130272    0.627022426    0.626987985
   10.990990991    0.631357260    0.632627750    0.632935205
   11.006006006    0.639424009    0.642187383    0.642870602
   11.021021021    0.648391930    0.652905926    0.654031697
   11.036036036    0.655988610    0.662288172    0.663864692
   11.051051051    0.661334525    0.669050451    0.670984570
   11.066066066    0.663360482    0.672209808    0.674431526
   11.081081081    0.661259789    0.670940086    0.673374530
   11.096096096    0.655783845    0.665585574    0.668054448
   11.111111111    0.649031460    0.658053420    0.660328281
   11.126126126    0.643611176    0.650922858    0.652768052
   11.141141141    0.640958624    0.645694665    0.646892449
   11.156156156    0.640733464    0.642333697    0.642743202
   11.171171171    0.641741518    0.640172004    0.639785664
   11.186186186    0.642769468    0.638578357    0.637535890
   11.201201201    0.642540514    0.636816741    0.635393276
   11.216216216    0.639760130    0.633638300    0.632119981
   11.231231231    0.633837302    0.627902846    0.626436757
   11.246246246    0.625577490    0.619860365    0.618451872
   11.261261261    0.616589747    0.610868581    0.609460415
   11.276276276    0.607102911    0.600995903    0.599492177
   11.291291291    0.596163231    0.589375099    0.587700500
   11.306306306    0.583277345    0.576114344    0.574342988
   11.321321321    0.569418081    0.562742493    0.561087556
   11.336336336    0.556967396    0.551737306    0.550437497
   11.351351351    0.547589353    0.544567451    0.543814724
   11.366366366    0.541759181    0.541374468    0.541276870
   11.381381381    0.539933368    0.542113774    0.542653435
   11.396396396    0.542119476    0.546278654    0.547310128
   11.411411411    0.547232326    0.552547762    0.553868594
   11.426426426    0.553594895    0.559166211    0.560554769
   11.441441441    0.559973872    0.565160537    0.566457471
   11.456456456    0.565650594    0.570452181    0.571656315
   11.471471471    0.570256711    0.575105412    0.576323400
   11.486486486    0.573282369    0.578743597    0.580117181
   11.501501502    0.573664830    0.580196661    0.581841411
   11.516516517    0.571144111    0.578639178    0.580527175
   11.531531532    0.567346780    0.574940406    0.576852607
   11.546546547    0.565195153    0.571466860    0.573045234
   11.561561562    0.566821866    0.570434696    0.571343707
   11.576576577    0.571820720    0.572349354    0.572482560
   11.591591592    0.578669474    0.576585517    0.576061316
   11.606606607    0.586241260    0.582138835    0.581108697
   11.621621622    0.592424446    0.586878321    0.585490814
   11.636636637    0.593832198    0.587581634    0.586025051
   11.651651652    0.588946612    0.582617416    0.581047305
   11.666666667    0.579231557    0.573134996    0.571626084
   11.681681682    0.566973237    0.561229515    0.559810365
   11.696696697    0.553109023    0.547754215    0.546434655
   11.711711712    0.538176203    0.533162827    0.531929942
   11.726726727    0.524895785    0.520144050    0.518973028
   11.741741742    0.516242971    0.511565366    0.510406767
   11.756756757    0.511555276    0.506931576    0.505780847
   11.771771772    0.508177427    0.504274660    0.503299126
   11.786786787    0.504187648    0.502131398    0.501614917
   11.801801802    0.499197125    0.499591459    0.499688316
   11.816816817    0.494205418    0.496652160    0.497263033
   11.831831832    0.490628726    0.494190516    0.495078111
   11.846846847    0.489514710    0.493265534    0.494195667
   11.861861862    0.491435601    0.494680131    0.495479494
   11.876876877    0.497001050    0.499429763    0.500023681
   11.891891892    0.506085649    0.507948243    0.508401975
   11.906906907    0.516569273    0.518568468    0.519059121
   11.921921922    0.525482999    0.528238490    0.528921510
   11.936936937    0.530125423    0.533757660    0.534664344
   11.951951952    0.529741416    0.534014488    0.535085724
   11.966966967    0.526719183    0.531362614    0.532528467
   11.981981982    0.524388659    0.529103194    0.530285725
   11.996996997    0.524750517    0.529167009    0.530271180
   12.012012012    0.528237779    0.531898147    0.532808364
   12.027027027    0.534805153    0.537236032    0.537834061
   12.042042042    0.543961813    0.544950557    0.545184692
   12.057057057    0.553394532    0.553171144    0.553102964
   12.072072072    0.559345655    0.558220808    0.557934132
   12.087087087    0.558580578    0.556803786    0.556363876
   12.102102102    0.550833247    0.548870308    0.548390147
   12.117117117    0.539249517    0.537601682    0.537201706
   12.132132132    0.527500059    0.526382285    0.526115062
   12.147147147    0.516971076    0.516195829    0.516016126
   12.162162162    0.507207361    0.506245120    0.506020523
   12.177177177    0.498128857    0.496381780    0.495961152
   12.192192192    0.489651065    0.486831747    0.486141949
   12.207207207    0.481178555    0.477434592    0.476511878
   12.222222222    0.472161733    0.468094074    0.467088230
   12.237237237    0.462815026    0.459273619    0.458396074
   12.252252252    0.454669449    0.452091641    0.451450586
   12.267267267    0.449896718    0.448141952    0.447700999
   12.282282282    0.450339784    0.449207517    0.448914998
   12.297297297    0.456515860    0.455850650    0.455668071
   12.312312312    0.466770095    0.466277338    0.466133577
   12.327327327    0.478009358    0.477588035    0.477461079
   12.342342342    0.487508765    0.487547289    0.487536659
   12.357357357    0.494471341    0.495344071    0.495543373
   12.372372372    0.500377140    0.501890600    0.502249946
   12.387387387    0.506761076    0.508370987    0.508754757
   12.402402402    0.513073974    0.514206034    0.514474160
   12.417417417    0.517972940    0.518348042    0.518433111
   12.432432432    0.521097695    0.520976362    0.520941976
   12.447447447    0.522746674    0.522599189    0.522560399
   12.462462462    0.523265575    0.523359058    0.523381491
   12.477477477    0.522582126    0.523096020    0.523225560
   12.492492492    0.519790716    0.520900836    0.521184244
   12.507507508    0.513778691    0.515529575    0.515979062
   12.522522523    0.504441407    0.506735892    0.507324866
   12.537537538    0.493010571    0.495778994    0.496487271
   12.552552553    0.480834664    0.484017380    0.484829367
   12.567567568    0.468768890    0.472135408    0.472993192
   12.582582583    0.457557322    0.460514508    0.461268886
   12.597597598    0.447568995    0.449275733    0.449715697
   12.612612613    0.439128789    0.439063340    0.439057274
   12.627627628    0.432779442    0.430998459    0.430559762
   12.642642643    0.428307896    0.425318551    0.424574268
   12.657657658    0.425033278    0.421551924    0.420680998
   12.672672673    0.422769265    0.419496584    0.418673232
   12.687687688    0.421758791    0.419235131    0.418593829
   12.702702703    0.422865412    0.421135073    0.420686695
   12.717717718    0.427260293    0.425805924    0.425421308
   12.732732733    0.435317220    0.433691348    0.433260027
   12.747747748    0.445335827    0.443741164    0.443317850
   12.762762763    0.454152976    0.453366812    0.453149892
   12.777777778    0.459933075    0.460723238    0.460905692
   12.792792793    0.463234869    0.465719136    0.466329312
   12.807807808    0.465557141    0.469087604    0.469962256
   12.822822823    0.467764214    0.471444301    0.472359014
   12.837837838    0.470069405    0.473154118    0.473922891
   12.852852853    0.472596077    0.474553686    0.475042696
   12.867867868    0.475452570    0.476171304    0.476350568
   12.882882883    0.478688613    0.478430195    0.478364270
   12.897897898    0.481657585    0.480736131    0.480505245
   12.912912913    0.482718206    0.481591474    0.481311851
   12.927927928    0.480925497    0.480103635    0.479903313
   12.942942943    0.476211720    0.475914597    0.475849684
   12.957957958    0.467844014    0.468075630    0.468147855
   12.972972973    0.455485798    0.455986303    0.456128458
   12.987987988    0.440590012    0.440956749    0.441064943
   13.003003003    0.425653030    0.425633813    0.425644172
   13.018018018    0.412668784    0.412173956    0.412063921
   13.033033033    0.402050383    0.401066915    0.400832766
   13.048048048    0.393192188    0.391652612    0.391276864
   13.063063063    0.386302822    0.384053970    0.383496934
   13.078078078    0.382938713    0.379930590    0.379178120
   13.093093093    0.383882081    0.380403451    0.379527296
   13.108108108    0.388236708    0.384939111    0.384102763
   13.123123123    0.394390003    0.391929730    0.391299228
   13.138138138    0.400455215    0.399069848    0.398709002
   13.153153153    0.404299998    0.403817535    0.403688156
   13.168168168    0.404744552    0.404902538    0.404939478
   13.183183183    0.402772756    0.403482322    0.403659906
   13.198198198    0.400034279    0.401336451    0.401662603
   13.213213213    0.397065126    0.398935458    0.399404967
   13.228228228    0.393564732    0.395863649    0.396442756
   13.243243243    0.389765851    0.392406648    0.393072100
   13.258258258    0.386639874    0.389667188    0.390427749
   13.273273273    0.384692762    0.388105845    0.388960801
   13.288288288    0.383424918    0.387021469    0.387922011
   13.303303303    0.382088586    0.385466185    0.386314387
   13.318318318    0.380386093    0.383062462    0.383738615
   13.333333333    0.378599776    0.380279218    0.380707815
   13.348348348    0.376907046    0.377534828    0.377700632
   13.363363363    0.374918892    0.374673652    0.374620875
   13.378378378    0.372016520    0.371202460    0.371007621
   13.393393393    0.367921117    0.366721245    0.366430467
   13.408408408    0.362828328    0.361376919    0.361022781
   13.423423423    0.357465604    0.356007012    0.355648587
   13.438438438    0.352260681    0.351258014    0.351010926
   13.453453453    0.347313732    0.347212649    0.347190008
   13.468468468    0.343651476    0.344407690    0.344598886
   13.483483483    0.342729328    0.343715473    0.343962313
   13.498498498    0.345286504    0.345640319    0.345724975
   13.513513514    0.351389936    0.350597689    0.350390052
   13.528528529    0.360264927    0.358455119    0.357988905
   13.543543544    0.369588828    0.367243016    0.366643871
   13.558558559    0.376504836    0.373961439    0.373318808
   13.573573574    0.379618136    0.376923504    0.376249823
   13.588588589    0.379164926    0.376362002    0.375666005
   13.603603604    0.375756073    0.372989709    0.372306077
   13.618618619    0.369827705    0.367229888    0.366590546
   13.633633634    0.362455227    0.360213498    0.359663330
   13.648648649    0.355415903    0.353823187    0.353433138
   13.663663664    0.350403385    0.349594711    0.349397234
   13.678678679    0.347969276    0.347800576    0.347760292
   13.693693694    0.347223760    0.347506840    0.347577886
   13.708708709    0.346843263    0.347524826    0.347695274
   13.723723724    0.345774148    0.346746426    0.346990985
   13.738738739    0.343489462    0.344440631    0.344681808
   13.753753754    0.340004823    0.340554676    0.340696968
   13.768768769    0.335684041    0.335679911    0.335684160
   13.783783784    0.331157340    0.330876178    0.330810478
   13.798798799    0.327321057    0.327251638    0.327237359
   13.813813814    0.324775489    0.325341929    0.325485040
   13.828828829    0.323324686    0.324788801    0.325155616
   13.843843844    0.322525791    0.324891057    0.325482936
   13.858858859    0.321927216    0.324892717    0.325634973
   13.873873874    0.320833759    0.323946275    0.324726647
   13.888888889    0.318774363    0.321977874    0.322782110
   13.903903904    0.316563334    0.320222083    0.321139151
   13.918918919    0.316211693    0.320492046    0.321561595
   13.933933934    0.319170112    0.323793618    0.324946179
   13.948948949    0.325291730    0.329751890    0.330862217
   13.963963964    0.332967553    0.336824960    0.337784888
   13.978978979    0.340085996    0.342973970    0.343693721
   13.993993994    0.345225633    0.346859584    0.347268752
   14.009009009    0.348199606    0.348527253    0.348612439
   14.024024024    0.349568624    0.348567153    0.348322422
   14.039039039    0.349860278    0.347482608    0.346895367
   14.054054054    0.349130305    0.345475336    0.344569528
   14.069069069    0.346863475    0.342157855    0.340990071
   14.084084084    0.342350283    0.336888861    0.335532481
   14.099099099    0.335510379    0.329734065    0.328298583
   14.114114114    0.327182514    0.321628592    0.320248001
   14.129129129    0.318876593    0.313929480    0.312699763
   14.144144144    0.311765994    0.307629737    0.306601528
   14.159159159    0.305963041    0.302800392    0.302013409
   14.174174174    0.301086604    0.299029645    0.298516765
   14.189189189    0.296760207    0.295840492    0.295611417
   14.204204204    0.292953086    0.293107092    0.293146766
   14.219219219    0.290270522    0.291406109    0.291690169
   14.234234234    0.289305059    0.291397774    0.291918672
   14.249249249    0.290263058    0.293376791    0.294150155
   14.264264264    0.293177950    0.297306581    0.298331888
   14.279279279    0.297720831    0.302538283    0.303735915
   14.294294294    0.303121922    0.307871154    0.309052913
   14.309309309    0.308501004    0.312280746    0.313221389
   14.324324324    0.313105884    0.315225675    0.315753040
   14.339339339    0.317072070    0.317166942    0.317188727
   14.354354354    0.321879031    0.319986809    0.319508775
   14.369369369    0.329090827    0.325545376    0.324648518
   14.384384384    0.338036496    0.333213232    0.331993994
   14.399399399    0.345456843    0.339684953    0.338232203
   14.414414414    0.347812476    0.341587598    0.340030324
   14.429429429    0.343779959    0.337845092    0.336369401
   14.444444444    0.334650067    0.329652987    0.328417785
   14.459459459    0.322992538    0.319295836    0.318388015
   14.474474474    0.310967971    0.308754772    0.308217727
   14.489489489    0.299577155    0.298928361    0.298780536
   14.504504505    0.289191324    0.290116144    0.290358379
   14.519519520    0.279651665    0.282041300    0.282647186
   14.534534535    0.270597075    0.274180402    0.275083395
   14.549549550    0.262377054    0.266870154    0.267999047
   14.564564565    0.255658429    0.260932920    0.262255897
   14.579579580    0.250430963    0.256432524    0.257937792
   14.594594595    0.246280912    0.252885947    0.254543176
   14.609609610    0.243062942    0.250068110    0.251825366
   14.624624625    0.240574292    0.247688105    0.249472427
   14.639639640    0.238541929    0.245324565    0.247027305
   14.654654655    0.237325356    0.243192107    0.244666730
   14.669669670    0.237952330    0.242384853    0.243499708
   14.684684685    0.240866712    0.243623319    0.244317069
   14.699699700    0.245301701    0.246397433    0.246674154
   14.714714715    0.250053584    0.249620776    0.249514208
   14.729729730    0.254363953    0.252679449    0.252258557
   14.744744745    0.258584352    0.256040278    0.255401444
   14.759759760    0.264167601    0.260939667    0.260125383
   14.774774775    0.271824295    0.267806435    0.266791196
   14.789789790    0.279902405    0.275066714    0.273846491
   14.804804805    0.285499760    0.280145173    0.278798045
   14.819819820    0.286512836    0.281188286    0.279854247
   14.834834835    0.282662486    0.277969809    0.276799804
   14.849849850    0.275633578    0.271889524    0.270960923
   14.864864865    0.267628629    0.264672139    0.263942254
   14.879879880    0.260066024    0.257295991    0.256613312
   14.894894895    0.253263729    0.249930147    0.249107310
   14.909909910    0.246518586    0.242469935    0.241469274
   14.924924925    0.239286749    0.235207600    0.234199283
   14.939939940    0.232249598    0.228896004    0.228067341
   14.954954955    0.226302891    0.223918460    0.223330119
   14.969969970    0.221551747    0.219972104    0.219583905
   14.984984985    0.217786892    0.216834978    0.216602480
   15.000000000    0.214917726    0.214715568    0.214668417
