# energy grid [eV]     epsr_x  epsr_y  epsr_z
#
    0.000000000   64.621784302   65.698146702   65.962987229
    0.015015015   64.633782943   65.711384992   65.976532775
    0.030030030   64.669825836   65.751162943   66.017236492
    0.045045045   64.730054632   65.817671036   66.085300975
    0.060060060   64.814707921   65.911230920   66.181068488
    0.075075075   64.924125074   66.032301880   66.305028070
    0.090090090   65.058751841   66.181490260   66.457825913
    0.105105105   65.219147878   66.359562254   66.640279461
    0.120120120   65.405996514   66.567460589   66.853395804
    0.135135135   65.620117090   66.806325764   67.098395127
    0.150150150   65.862480282   67.077522606   67.376740052
    0.165165165   66.134226853   67.382672890   67.690171703
    0.180180180   66.436690138   67.723694462   68.040752960
    0.195195195   66.771422178   68.102846236   68.430918152
    0.210210210   67.140222236   68.522775629   68.863525217
    0.225225225   67.545163512   68.986558021   69.341898419
    0.240240240   67.988606759   69.497701139   69.869830625
    0.255255255   68.473172480   70.060047219   70.451468558
    0.270270270   69.001602345   70.677409929   71.090895108
    0.285285285   69.576342195   71.352553265   71.790960915
    0.300300300   70.198449833   72.084584535   72.550307506
    0.315315315   70.864954272   72.862721055   73.356255415
    0.330330330   71.563191078   73.652984409   74.169622105
    0.345345345   72.262207375   74.378035520   74.901673239
    0.360360360   72.915131164   74.922566474   75.420047483
    0.375375375   73.513653439   75.260280650   75.693291957
    0.390390390   74.162578279   75.627743012   75.990025513
    0.405405405   74.985756448   76.304732626   76.629534631
    0.420420420   75.978578050   77.269765745   77.587204087
    0.435435435   77.039430085   78.273437480   78.577193755
    0.450450450   78.044229231   79.012760796   79.251729167
    0.465465465   78.928741599   79.324654665   79.421980549
    0.480480480   79.777813685   79.397923484   79.301440361
    0.495495495   80.770599251   79.654936433   79.373254546
    0.510510511   82.003393857   80.360929346   79.946107065
    0.525525526   83.373290358   81.399961516   80.901582112
    0.540540541   84.672935252   82.562675392   82.029144543
    0.555555556   85.684736688   83.731805527   83.236603805
    0.570570571   86.280735416   84.723227831   84.326862447
    0.585585586   86.612003685   85.439971893   85.140806446
    0.600600601   86.842670017   86.071053179   85.872071282
    0.615615616   86.994050536   86.949046387   86.930860346
    0.630630631   87.320269849   88.249797136   88.475053444
    0.645645646   88.126958282   89.833493655   90.253956435
    0.660660661   89.331344970   91.356746529   91.858383631
    0.675675676   90.767144632   92.586135615   93.038009888
    0.690690691   92.332972444   93.391360558   93.655090558
    0.705705706   93.903402741   93.797823325   93.771473804
    0.720720721   95.428491354   94.075992784   93.737116672
    0.735735736   96.752969349   94.313605824   93.701857426
    0.750750751   97.696479925   94.264244981   93.405207415
    0.765765766   98.283190305   93.711699619   92.570446677
    0.780780781   98.502244081   92.672980748   91.218988572
    0.795795796   98.143719331   91.238637225   89.515404243
    0.810810811   97.287972014   89.662527312   87.757743941
    0.825825826   96.345829649   88.294080726   86.280734215
    0.840840841   95.340656076   87.247825706   85.220983631
    0.855855856   93.987028059   86.467634636   84.579783183
    0.870870871   91.982976233   85.691299697   84.105852124
    0.885885886   88.895113309   84.489165227   83.370927802
    0.900900901   84.653255752   82.745268152   82.249526311
    0.915915916   80.300110202   81.080743473   81.258771433
    0.930930931   76.775411905   79.983014625   80.770724687
    0.945945946   74.192082834   79.375320014   80.659428497
    0.960960961   72.596394104   79.202245338   80.844388972
    0.975975976   72.150276436   79.503118449   81.334766921
    0.990990991   72.802996196   80.178861161   82.018741995
    1.006006006   74.213162386   81.124159187   82.849035838
    1.021021021   75.967087331   82.337390823   83.927292217
    1.036036036   77.780926401   83.702382133   85.180539773
    1.051051051   79.366562711   84.790508553   86.145666640
    1.066066066   80.406838316   85.110557811   86.288356356
    1.081081081   80.895439815   84.447662904   85.341549240
    1.096096096   81.017874943   82.907964991   83.388624976
    1.111111111   81.032355963   81.082287306   81.100989990
    1.126126126   81.148804865   79.668061487   79.299894895
    1.141141141   81.112111818   78.610728284   77.984659173
    1.156156156   80.413333001   77.310361913   76.533034296
    1.171171171   79.290091164   75.865259064   75.006727213
    1.186186186   78.175509832   74.701561564   73.830483935
    1.201201201   76.804670837   73.523408350   72.701645797
    1.216216216   74.895210916   71.944680620   71.206743059
    1.231231231   72.412203466   69.901578850   69.275224927
    1.246246246   68.701765220   66.659486063   66.155173485
    1.261261261   62.635004398   60.970094885   60.567777861
    1.276276276   53.808717967   52.424365364   52.100304243
    1.291291291   42.220509318   41.108942705   40.861423665
    1.306306306   28.232701571   27.490890888   27.342008138
    1.321321321   13.219422800   12.938533205   12.907633336
    1.336336336   -1.186864591   -1.148570049   -1.099288683
    1.351351351  -13.921587991  -13.944679745  -13.912811203
    1.366366366  -24.418811151  -24.847988203  -24.922887750
    1.381381381  -32.486037811  -33.285609878  -33.461117953
    1.396396396  -38.252140079  -39.104762351  -39.300903053
    1.411411411  -42.329202646  -43.010620005  -43.168036359
    1.426426426  -45.410303382  -45.884347771  -45.992049920
    1.441441441  -47.649170108  -47.943484883  -48.008297629
    1.456456456  -48.959546449  -49.078658070  -49.101764813
    1.471471471  -49.570174700  -49.508170413  -49.487174218
    1.486486486  -49.964510250  -49.753418084  -49.695457556
    1.501501502  -50.350922869  -50.001335737  -49.909643779
    1.516516517  -50.417444261  -49.892884290  -49.759499338
    1.531531532  -49.821529173  -49.137449614  -48.965851997
    1.546546547  -48.715879373  -48.011657052  -47.835245102
    1.561561562  -47.464479204  -46.891986604  -46.748380418
    1.576576577  -46.146385115  -45.749485451  -45.650145285
    1.591591592  -44.741553098  -44.477587259  -44.411749458
    1.606606607  -43.380812624  -43.170872362  -43.118671516
    1.621621622  -42.145368438  -41.897644534  -41.836205592
    1.636636637  -41.052599297  -40.680952123  -40.588835590
    1.651651652  -40.031037035  -39.460970042  -39.319828742
    1.666666667  -38.959992382  -38.173182567  -37.978210275
    1.681681682  -37.834420266  -36.928097706  -36.702685028
    1.696696697  -36.790430652  -35.945286916  -35.733842247
    1.711711712  -35.957028533  -35.318988303  -35.158027150
    1.726726727  -35.317628553  -34.912667610  -34.809285866
    1.741741742  -34.764476466  -34.515910836  -34.451380835
    1.756756757  -34.250249747  -34.074186632  -34.027668606
    1.771771772  -33.721696499  -33.589918865  -33.554715559
    1.786786787  -33.004751693  -32.952339268  -32.937550804
    1.801801802  -32.064505188  -32.177699710  -32.204601115
    1.816816817  -31.142397459  -31.496633875  -31.583881305
    1.831831832  -30.447946356  -31.043082369  -31.190776575
    1.846846847  -30.054334993  -30.835546788  -31.029860780
    1.861861862  -29.974206716  -30.866882692  -31.089016139
    1.876876877  -30.137711962  -31.077023946  -31.310687040
    1.891891892  -30.443520152  -31.436689062  -31.683512623
    1.906906907  -30.905252493  -31.968069258  -32.232215698
    1.921921922  -31.624330440  -32.639784855  -32.892500653
    1.936936937  -32.611735104  -33.362120584  -33.549124541
    1.951951952  -33.576883851  -33.957469971  -34.052234712
    1.966966967  -34.147686544  -34.244924353  -34.268792691
    1.981981982  -34.174725317  -34.128442222  -34.116569921
    1.996996997  -33.686877195  -33.602829608  -33.581849548
    2.012012012  -32.858836035  -32.813321461  -32.802244329
    2.027027027  -31.950129061  -31.976776574  -31.983904382
    2.042042042  -31.152619502  -31.252217670  -31.277657897
    2.057057057  -30.605419238  -30.764174698  -30.804428208
    2.072072072  -30.405396688  -30.574013261  -30.616737319
    2.087087087  -30.489134331  -30.576180969  -30.598512049
    2.102102102  -30.681626297  -30.612898507  -30.596154610
    2.117117117  -30.858209910  -30.647921389  -30.595505854
    2.132132132  -30.969121948  -30.696803646  -30.628636698
    2.147147147  -31.006831713  -30.764662965  -30.703897644
    2.162162162  -30.970195728  -30.819321499  -30.781433695
    2.177177177  -30.811113359  -30.741383503  -30.724033568
    2.192192192  -30.480555366  -30.433838900  -30.422511865
    2.207207207  -29.982189191  -29.924061946  -29.910010507
    2.222222222  -29.394423515  -29.333242602  -29.318457156
    2.237237237  -28.819599566  -28.757876824  -28.743023263
    2.252252252  -28.271425560  -28.188471861  -28.168454459
    2.267267267  -27.696382658  -27.581206399  -27.553203643
    2.282282282  -27.120385988  -26.974572323  -26.938798880
    2.297297297  -26.649163644  -26.461993561  -26.415678274
    2.312312312  -26.293552582  -26.046674629  -25.985313458
    2.327327327  -25.960642588  -25.651151397  -25.574090825
    2.342342342  -25.636605642  -25.287958797  -25.200975757
    2.357357357  -25.371264654  -25.019197529  -24.931227016
    2.372372372  -25.140862193  -24.794970988  -24.708588373
    2.387387387  -24.914098331  -24.536201810  -24.441944101
    2.402402402  -24.735311850  -24.283500305  -24.170760917
    2.417417417  -24.598711691  -24.093879688  -23.967799889
    2.432432432  -24.403342624  -23.932161768  -23.814432525
    2.447447447  -24.104353594  -23.763791810  -23.678672411
    2.462462462  -23.752621503  -23.598609399  -23.560123509
    2.477477477  -23.390741792  -23.435460392  -23.446691121
    2.492492492  -23.028256651  -23.267740005  -23.327690208
    2.507507508  -22.670665852  -23.091679821  -23.197061573
    2.522522523  -22.315167511  -22.873211058  -23.012982603
    2.537537538  -21.965683012  -22.586461096  -22.742069271
    2.552552553  -21.632648127  -22.247760280  -22.402057404
    2.567567568  -21.305029478  -21.874644598  -22.017616526
    2.582582583  -20.983982993  -21.492025975  -21.619579980
    2.597597598  -20.677666016  -21.126739174  -21.239446981
    2.612612613  -20.375146149  -20.788069865  -20.891603814
    2.627627628  -20.073766060  -20.472311095  -20.572177917
    2.642642643  -19.770832314  -20.153133528  -20.248954864
    2.657657658  -19.464312671  -19.813022726  -19.900482247
    2.672672673  -19.167090591  -19.467325996  -19.542685865
    2.687687688  -18.877684463  -19.123425071  -19.185185187
    2.702702703  -18.574337132  -18.768750747  -18.817717889
    2.717717718  -18.265184857  -18.413555572  -18.451057151
    2.732732733  -17.983469676  -18.090516662  -18.117736154
    2.747747748  -17.740462230  -17.812000090  -17.830375847
    2.762762763  -17.504335620  -17.548698295  -17.560276012
    2.777777778  -17.262753904  -17.284514982  -17.290395342
    2.792792793  -17.056406198  -17.052764304  -17.052225967
    2.807807808  -16.907354247  -16.873656067  -16.865555774
    2.822822823  -16.795277977  -16.735747666  -16.721145837
    2.837837838  -16.703201400  -16.632951115  -16.615632852
    2.852852853  -16.623091276  -16.544895302  -16.525624961
    2.867867868  -16.542730833  -16.438221562  -16.412442346
    2.882882883  -16.453484220  -16.307265619  -16.271051172
    2.897897898  -16.348394469  -16.166326632  -16.121051148
    2.912912913  -16.219661844  -16.017074063  -15.966582780
    2.927927928  -16.050716235  -15.830906066  -15.776099874
    2.942942943  -15.833623852  -15.591138918  -15.530678341
    2.957957958  -15.583873153  -15.321360851  -15.255902658
    2.972972973  -15.317104451  -15.045389436  -14.977666325
    2.987987988  -15.043567847  -14.771139322  -14.703301703
    3.003003003  -14.776760053  -14.507549434  -14.440574454
    3.018018018  -14.534339235  -14.272709652  -14.207649885
    3.033033033  -14.318956814  -14.073276842  -14.012189288
    3.048048048  -14.112438744  -13.894732775  -13.840608315
    3.063063063  -13.894391591  -13.716310746  -13.672065597
    3.078078078  -13.654021400  -13.522880409  -13.490351075
    3.093093093  -13.407409005  -13.323074711  -13.302229062
    3.108108108  -13.179474713  -13.132045458  -13.120419647
    3.123123123  -12.969541902  -12.946450121  -12.940907868
    3.138138138  -12.765350458  -12.763113426  -12.762775171
    3.153153153  -12.573380670  -12.595862224  -12.601691597
    3.168168168  -12.407626543  -12.459093008  -12.472164783
    3.183183183  -12.260074584  -12.345518766  -12.367092590
    3.198198198  -12.114634899  -12.236704968  -12.267447632
    3.213213213  -11.978207123  -12.127047632  -12.164497387
    3.228228228  -11.865698551  -12.021305182  -12.060451317
    3.243243243  -11.776655572  -11.926982671  -11.964792854
    3.258258258  -11.683465200  -11.833489820  -11.871201022
    3.273273273  -11.561560770  -11.719795797  -11.759542498
    3.288288288  -11.412602908  -11.578055645  -11.619605780
    3.303303303  -11.249963378  -11.414113728  -11.455350350
    3.318318318  -11.086726572  -11.243110839  -11.282414216
    3.333333333  -10.923216043  -11.073769180  -11.111620557
    3.348348348  -10.747577239  -10.897366392  -10.935044843
    3.363363363  -10.552832115  -10.701518407  -10.738943198
    3.378378378  -10.349316634  -10.492249881  -10.528237961
    3.393393393  -10.159839051  -10.292547290  -10.325953016
    3.408408408   -9.998704701  -10.119989555  -10.150493384
    3.423423423   -9.865856520   -9.980887459  -10.009778292
    3.438438438   -9.752669061   -9.871151007   -9.900871505
    3.453453453   -9.649669686   -9.779289477   -9.811782136
    3.468468468   -9.551991178   -9.693507465   -9.728984610
    3.483483483   -9.448700258   -9.596176569   -9.633180675
    3.498498498   -9.323640774   -9.469679756   -9.506374084
    3.513513514   -9.180669994   -9.318151773   -9.352745206
    3.528528529   -9.044638688   -9.166707414   -9.197460082
    3.543543544   -8.939506497   -9.040116658   -9.065494888
    3.558558559   -8.878410767   -8.949721678   -8.967764556
    3.573573574   -8.854432319   -8.887747953   -8.896295847
    3.588588589   -8.841992286   -8.831797691   -8.829482722
    3.603603604   -8.816358100   -8.762185080   -8.748889995
    3.618618619   -8.768363432   -8.675002670   -8.651916902
    3.633633634   -8.696909610   -8.574801378   -8.544523789
    3.648648649   -8.597802806   -8.460929654   -8.426947159
    3.663663664   -8.475328404   -8.335335725   -8.300551782
    3.678678679   -8.344582367   -8.208074506   -8.174137716
    3.693693694   -8.217739848   -8.085725896   -8.052897323
    3.708708709   -8.096765396   -7.966318105   -7.933880527
    3.723723724   -7.979010396   -7.846102642   -7.813056943
    3.738738739   -7.867511704   -7.729148796   -7.694736251
    3.753753754   -7.767000609   -7.623194865   -7.587406442
    3.768768769   -7.666526761   -7.523734431   -7.488190637
    3.783783784   -7.548840060   -7.418926937   -7.386609182
    3.798798799   -7.413480320   -7.304758513   -7.277749848
    3.813813814   -7.275000498   -7.186284259   -7.164282426
    3.828828829   -7.143828229   -7.069009319   -7.050476497
    3.843843844   -7.020069364   -6.955856790   -6.939961616
    3.858858859   -6.901205798   -6.848363980   -6.835302594
    3.873873874   -6.784317482   -6.744111261   -6.734212818
    3.888888889   -6.668936653   -6.641916320   -6.635321558
    3.903903904   -6.560381758   -6.546814510   -6.543584772
    3.918918919   -6.464223985   -6.463665656   -6.463686202
    3.933933934   -6.376686049   -6.387760764   -6.390688442
    3.948948949   -6.289010634   -6.309804512   -6.315159806
    3.963963964   -6.201859839   -6.231244597   -6.238736520
    3.978978979   -6.123819981   -6.164436998   -6.174716581
    3.993993994   -6.056608616   -6.115312874   -6.130094181
    4.009009009   -5.997382671   -6.078354059   -6.098695462
    4.024024024   -5.943615431   -6.043286488   -6.068314773
    4.039039039   -5.886791384   -5.997812813   -6.025699815
    4.054054054   -5.815400979   -5.931805533   -5.961054656
    4.069069069   -5.730412855   -5.847147107   -5.876483394
    4.084084084   -5.644746812   -5.755986994   -5.783946639
    4.099099099   -5.565745772   -5.666799623   -5.692208997
    4.114114114   -5.489951715   -5.579119481   -5.601555578
    4.129129129   -5.410978482   -5.488860597   -5.508474926
    4.144144144   -5.323930133   -5.393089169   -5.410522490
    4.159159159   -5.230257696   -5.293760929   -5.309779444
    4.174174174   -5.139034547   -5.198061389   -5.212957845
    4.189189189   -5.058136234   -5.112568567   -5.126312747
    4.204204204   -4.985656723   -5.036162375   -5.048926123
    4.219219219   -4.915115665   -4.963408545   -4.975626403
    4.234234234   -4.844984798   -4.893444284   -4.905710197
    4.249249249   -4.777727065   -4.828849690   -4.841785479
    4.264264264   -4.710877174   -4.765075174   -4.778785204
    4.279279279   -4.638535294   -4.692603556   -4.706284407
    4.294294294   -4.560466183   -4.609895972   -4.622413587
    4.309309309   -4.481084579   -4.523454473   -4.534199370
    4.324324324   -4.405306121   -4.440787374   -4.449803646
    4.339339339   -4.337600936   -4.366474339   -4.373833729
    4.354354354   -4.277954751   -4.300114737   -4.305789061
    4.369369369   -4.225268978   -4.241309162   -4.245445217
    4.384384384   -4.183864204   -4.192140590   -4.194332494
    4.399399399   -4.153335463   -4.148620285   -4.147572585
    4.414414414   -4.122051314   -4.099871133   -4.094472684
    4.429429429   -4.077800751   -4.038727737   -4.029117222
    4.444444444   -4.017307202   -3.966009060   -3.953342815
    4.459459459   -3.946454157   -3.887147041   -3.872473086
    4.474474474   -3.871536900   -3.806048921   -3.789824229
    4.489489489   -3.795102786   -3.724945615   -3.707546918
    4.504504505   -3.719959681   -3.648692193   -3.631006359
    4.519519520   -3.647405279   -3.580582559   -3.564000461
    4.534534535   -3.576008126   -3.517666623   -3.503206214
    4.549549550   -3.505800100   -3.455338685   -3.442856782
    4.564564565   -3.436760797   -3.391174896   -3.379920048
    4.579579580   -3.364318656   -3.322772939   -3.312532208
    4.594594595   -3.284267408   -3.248537242   -3.239751242
    4.609609610   -3.199419500   -3.170668515   -3.163623952
    4.624624625   -3.117917067   -3.094999067   -3.089404269
    4.639639640   -3.045462729   -3.025691430   -3.020874449
    4.654654655   -2.980741662   -2.962416113   -2.957955603
    4.669669670   -2.919753057   -2.903458417   -2.899505167
    4.684684685   -2.862220523   -2.848602871   -2.845321425
    4.699699700   -2.809862662   -2.798801656   -2.796160817
    4.714714715   -2.762128233   -2.754818400   -2.753114377
    4.729729730   -2.713362728   -2.712647182   -2.712593426
    4.744744745   -2.656075992   -2.663388522   -2.665348541
    4.759759760   -2.589542211   -2.603807108   -2.607510873
    4.774774775   -2.519948750   -2.539240182   -2.544202314
    4.789789790   -2.453344290   -2.475664834   -2.481384712
    4.804804805   -2.392289708   -2.416215053   -2.422336293
    4.819819820   -2.337367823   -2.362666843   -2.369129467
    4.834834835   -2.285378716   -2.313121954   -2.320191667
    4.849849850   -2.229934404   -2.261716431   -2.269793645
    4.864864865   -2.168610539   -2.205586800   -2.214963218
    4.879879880   -2.104359936   -2.146451676   -2.157109991
    4.894894895   -2.038036276   -2.083965645   -2.095588531
    4.909909910   -1.967180035   -2.015656937   -2.027921516
    4.924924925   -1.891561682   -1.941943264   -1.954686377
    4.939939940   -1.814864088   -1.865891506   -1.878796825
    4.954954955   -1.740815912   -1.790224069   -1.802724098
    4.969969970   -1.669657139   -1.715905549   -1.727613126
    4.984984985   -1.599578250   -1.642632146   -1.653537047
    5.000000000   -1.530133309   -1.571214172   -1.581622080
    5.015015015   -1.462720945   -1.503642538   -1.514008627
    5.030030030   -1.399607678   -1.441193493   -1.451725480
    5.045045045   -1.342030008   -1.382903209   -1.393259049
    5.060060060   -1.286318381   -1.323915813   -1.333457764
    5.075075075   -1.226798692   -1.258889428   -1.267061071
    5.090090090   -1.163926148   -1.188484286   -1.194776904
    5.105105105   -1.101585745   -1.116956150   -1.120953604
    5.120120120   -1.040127181   -1.046003572   -1.047629932
    5.135135135   -0.977162894   -0.974635870   -0.974163213
    5.150150150   -0.912546373   -0.903331176   -0.901184333
    5.165165165   -0.848123327   -0.834370280   -0.831084658
    5.180180180   -0.786349577   -0.770568481   -0.766772462
    5.195195195   -0.728654400   -0.712966545   -0.709193060
    5.210210210   -0.672608128   -0.657750846   -0.654187020
    5.225225225   -0.613305531   -0.599147453   -0.595762010
    5.240240240   -0.548161451   -0.534748288   -0.531552981
    5.255255255   -0.478035732   -0.465659157   -0.462727342
    5.270270270   -0.403093259   -0.392344199   -0.389824746
    5.285285285   -0.322911463   -0.314363918   -0.312399665
    5.300300300   -0.239745758   -0.232838383   -0.231285452
    5.315315315   -0.158906327   -0.151770883   -0.150158115
    5.330330330   -0.084102367   -0.074642105   -0.072445023
    5.345345345   -0.013154427   -0.000106622    0.002985984
    5.360360360    0.059276827    0.075863827    0.079835299
    5.375375375    0.136765923    0.155799341    0.160376493
    5.390390390    0.220755382    0.240125008    0.244783076
    5.405405405    0.311487474    0.328746856    0.332878228
    5.420420420    0.406415938    0.420401480    0.423717285
    5.435435435    0.502136586    0.513723813    0.516439822
    5.450450450    0.597220237    0.608449008    0.611070610
    5.465465465    0.692089160    0.704379380    0.707260399
    5.480480480    0.788227916    0.801147892    0.804180247
    5.495495495    0.886196298    0.898682879    0.901600368
    5.510510511    0.984526780    0.996031225    0.998698803
    5.525525526    1.083189496    1.093042337    1.095293598
    5.540540541    1.185606439    1.192553850    1.194072776
    5.555555556    1.292417801    1.295648846    1.296231572
    5.570570571    1.399393636    1.399259546    1.398995099
    5.585585586    1.504423077    1.501278595    1.500259402
    5.600600601    1.608748051    1.601513902    1.599477224
    5.615615616    1.713756485    1.700380670    1.696815137
    5.630630631    1.821051874    1.799894475    1.794381650
    5.645645646    1.934330718    1.905268351    1.897764112
    5.660660661    2.059499300    2.024027989    2.014898551
    5.675675676    2.200154168    2.160228605    2.149965546
    5.690690691    2.355435512    2.313437726    2.302645203
    5.705705706    2.522751016    2.482196110    2.471760799
    5.720720721    2.699489198    2.664452638    2.655396791
    5.735735736    2.883397347    2.857140865    2.850275563
    5.750750751    3.077598080    3.060666279    3.056113281
    5.765765766    3.284455440    3.274159690    3.271239738
    5.780780781    3.492406540    3.485249635    3.483100488
    5.795795796    3.677225646    3.671113700    3.669245695
    5.810810811    3.800851385    3.795011774    3.793279569
    5.825825826    3.818481436    3.813073759    3.811549487
    5.840840841    3.715769974    3.712179404    3.711196409
    5.855855856    3.524519435    3.523459046    3.523163360
    5.870870871    3.289016281    3.288318260    3.288144500
    5.885885886    3.053342230    3.049542126    3.048594763
    5.900900901    2.851526995    2.842568011    2.840321333
    5.915915916    2.683749635    2.670216100    2.666826825
    5.930930931    2.536243671    2.519070591    2.514772996
    5.945945946    2.400028109    2.376847717    2.371051699
    5.960960961    2.274290679    2.241994449    2.233919251
    5.975975976    2.168781872    2.129960241    2.120250123
    5.990990991    2.076062057    2.039373273    2.030206586
    6.006006006    1.976246599    1.950263311    1.943790627
    6.021021021    1.865974538    1.854329448    1.851449644
    6.036036036    1.756631981    1.759256599    1.759941713
    6.051051051    1.655064922    1.671519029    1.675665855
    6.066066066    1.562355841    1.591851627    1.599276266
    6.081081081    1.471625189    1.510355389    1.520124238
    6.096096096    1.369651679    1.410372344    1.420690439
    6.111111111    1.253216064    1.290285770    1.299735115
    6.126126126    1.125489908    1.157339448    1.165514769
    6.141141141    0.975480319    1.000982182    1.007594209
    6.156156156    0.792265354    0.807817100    0.811943402
    6.171171171    0.586010514    0.588778332    0.589688486
    6.186186186    0.380003812    0.372857072    0.371253178
    6.201201201    0.197894414    0.186602963    0.183911387
    6.216216216    0.056443634    0.044323101    0.041368364
    6.231231231   -0.042832381   -0.054406367   -0.057263736
    6.246246246   -0.109679324   -0.118877462   -0.121165541
    6.261261261   -0.163497552   -0.167466995   -0.168441907
    6.276276276   -0.238766319   -0.235987296   -0.235227345
    6.291291291   -0.359158360   -0.352929918   -0.351261879
    6.306306306   -0.511199045   -0.508366462   -0.507551786
    6.321321321   -0.648734176   -0.652749560   -0.653710975
    6.336336336   -0.720744530   -0.729312848   -0.731510130
    6.351351351   -0.714808814   -0.723883370   -0.726280068
    6.366366366   -0.664693135   -0.671263023   -0.673045434
    6.381381381   -0.617683866   -0.618990787   -0.619414488
    6.396396396   -0.613914055   -0.608918387   -0.607680135
    6.411411411   -0.688230689   -0.679312085   -0.676964663
    6.426426426   -0.867165734   -0.859747545   -0.857637904
    6.441441441   -1.129868930   -1.130510124   -1.130349141
    6.456456456   -1.392505065   -1.404240433   -1.406896232
    6.471471471   -1.577743760   -1.599845206   -1.605191381
    6.486486486   -1.669068072   -1.700188069   -1.707882050
    6.501501502   -1.690024291   -1.728898664   -1.738606161
    6.516516517   -1.672050453   -1.715442547   -1.726333194
    6.531531532   -1.636876646   -1.677942545   -1.688282504
    6.546546547   -1.606126448   -1.634075835   -1.641123422
    6.561561562   -1.619304418   -1.623992829   -1.625161709
    6.576576577   -1.699728946   -1.680460633   -1.675579341
    6.591591592   -1.822834775   -1.792307177   -1.784591710
    6.606606607   -1.953899606   -1.930112797   -1.924078534
    6.621621622   -2.078879461   -2.070965640   -2.068895781
    6.636636637   -2.189508118   -2.194825973   -2.196080959
    6.651651652   -2.273638673   -2.286666369   -2.289896370
    6.666666667   -2.321953642   -2.339509888   -2.343932466
    6.681681682   -2.340009358   -2.359950269   -2.365013086
    6.696696697   -2.339085503   -2.358456178   -2.363407890
    6.711711712   -2.316805982   -2.333817868   -2.338216963
    6.726726727   -2.267512058   -2.280684539   -2.284153908
    6.741741742   -2.206368706   -2.211611663   -2.213101469
    6.756756757   -2.156016898   -2.149546517   -2.148090645
    6.771771772   -2.119432737   -2.105507848   -2.102178301
    6.786786787   -2.089420133   -2.079452756   -2.077100840
    6.801801802   -2.073027660   -2.072471730   -2.072424649
    6.816816817   -2.082040436   -2.087724364   -2.089158688
    6.831831832   -2.117237696   -2.125486444   -2.127474079
    6.846846847   -2.180508184   -2.188265401   -2.190033858
    6.861861862   -2.284081298   -2.288406375   -2.289213879
    6.876876877   -2.435488439   -2.437333027   -2.437438239
    6.891891892   -2.615497302   -2.618641853   -2.619059600
    6.906906907   -2.777314502   -2.782241065   -2.783172706
    6.921921922   -2.882492618   -2.885487217   -2.886032574
    6.936936937   -2.922561387   -2.920289924   -2.919583791
    6.951951952   -2.914419266   -2.905640055   -2.903324858
    6.966966967   -2.880062484   -2.866983946   -2.863600577
    6.981981982   -2.831458023   -2.820367871   -2.817494217
    6.996996997   -2.776046627   -2.770565127   -2.769101429
    7.012012012   -2.715919062   -2.713208153   -2.712435505
    7.027027027   -2.651665619   -2.649328815   -2.648630145
    7.042042042   -2.595180002   -2.595388699   -2.595274477
    7.057057057   -2.567827241   -2.573425271   -2.574583122
    7.072072072   -2.582849394   -2.594097926   -2.596607159
    7.087087087   -2.641458187   -2.654717833   -2.657719289
    7.102102102   -2.735869221   -2.745027457   -2.747036997
    7.117117117   -2.853274545   -2.852594783   -2.852184686
    7.132132132   -2.985376739   -2.971893621   -2.968310692
    7.147147147   -3.124623962   -3.102099688   -3.096282837
    7.162162162   -3.245306003   -3.223048437   -3.217338388
    7.177177177   -3.313797192   -3.299886802   -3.296307018
    7.192192192   -3.321430603   -3.319560390   -3.319019238
    7.207207207   -3.287200419   -3.298608561   -3.301394877
    7.222222222   -3.238206167   -3.262556475   -3.268574899
    7.237237237   -3.186656975   -3.221769941   -3.230497943
    7.252252252   -3.119928996   -3.161111951   -3.171407950
    7.267267267   -3.028145010   -3.067686470   -3.077614616
    7.282282282   -2.922909841   -2.954089753   -2.961927992
    7.297297297   -2.826951663   -2.846874904   -2.851857587
    7.312312312   -2.762265092   -2.769053890   -2.770693620
    7.327327327   -2.741812683   -2.734898391   -2.733055612
    7.342342342   -2.765461344   -2.748367811   -2.743937064
    7.357357357   -2.821664594   -2.800788392   -2.795395528
    7.372372372   -2.891261181   -2.872200034   -2.867281376
    7.387387387   -2.948331785   -2.935283736   -2.931921301
    7.402402402   -2.975705855   -2.972873964   -2.972125439
    7.417417417   -2.980574681   -2.989200957   -2.991349848
    7.432432432   -2.987781816   -3.002351170   -3.005978833
    7.447447447   -3.014429819   -3.025359637   -3.028053344
    7.462462462   -3.049708677   -3.050494237   -3.050634615
    7.477477477   -3.068514600   -3.060723443   -3.058713373
    7.492492492   -3.056573782   -3.048633147   -3.046593012
    7.507507508   -3.021134814   -3.021973249   -3.022150264
    7.522522523   -2.976974640   -2.989728636   -2.992922718
    7.537537538   -2.923699589   -2.945829275   -2.951415711
    7.552552553   -2.852162954   -2.879210759   -2.886067919
    7.567567568   -2.765323687   -2.792771057   -2.799743366
    7.582582583   -2.677320292   -2.701798560   -2.708008554
    7.597597598   -2.601817888   -2.620765142   -2.625547303
    7.612612613   -2.550287684   -2.560215396   -2.562685301
    7.627627628   -2.533316975   -2.529919244   -2.528990714
    7.642642643   -2.555458703   -2.536103615   -2.531112835
    7.657657658   -2.613207220   -2.578461664   -2.569560658
    7.672672673   -2.689500253   -2.643780488   -2.632122048
    7.687687688   -2.748300302   -2.701408189   -2.689519948
    7.702702703   -2.760922157   -2.724915720   -2.715851946
    7.717717718   -2.739940656   -2.721584631   -2.717012147
    7.732732733   -2.720102039   -2.718251915   -2.717839046
    7.747747748   -2.718365516   -2.728748163   -2.731393762
    7.762762763   -2.727276933   -2.746904929   -2.751848248
    7.777777778   -2.730202575   -2.756664148   -2.763303938
    7.792792793   -2.715782048   -2.747025705   -2.754857100
    7.807807808   -2.684689526   -2.719879939   -2.728697030
    7.822822823   -2.645399386   -2.682590933   -2.691902375
    7.837837838   -2.606232377   -2.640974535   -2.649661329
    7.852852853   -2.570569603   -2.598393928   -2.605343648
    7.867867868   -2.536470000   -2.554514814   -2.559023408
    7.882882883   -2.503520573   -2.509472816   -2.510961232
    7.897897898   -2.472389317   -2.466175325   -2.464617506
    7.912912913   -2.438750214   -2.424561636   -2.421008946
    7.927927928   -2.401381326   -2.384246035   -2.379957582
    7.942942943   -2.371051425   -2.352461659   -2.347799506
    7.957957958   -2.357370132   -2.336596827   -2.331370912
    7.972972973   -2.357219649   -2.334486611   -2.328753507
    7.987987988   -2.362651155   -2.339363213   -2.333481991
    8.003003003   -2.365436849   -2.345091856   -2.339959032
    8.018018018   -2.354528477   -2.343617915   -2.340878830
    8.033033033   -2.331280533   -2.335814911   -2.336963395
    8.048048048   -2.318949222   -2.338031471   -2.342808504
    8.063063063   -2.338293254   -2.361963033   -2.367855538
    8.078078078   -2.385448600   -2.401833214   -2.405880220
    8.093093093   -2.436929983   -2.441761527   -2.442917627
    8.108108108   -2.469838367   -2.467942633   -2.467426693
    8.123123123   -2.477237338   -2.476690034   -2.476520624
    8.138138138   -2.462520043   -2.469076954   -2.470691647
    8.153153153   -2.433333034   -2.447682395   -2.451256370
    8.168168168   -2.397392065   -2.416158862   -2.420854803
    8.183183183   -2.355497610   -2.374339231   -2.379076929
    8.198198198   -2.304296594   -2.320731051   -2.324891658
    8.213213213   -2.243206238   -2.257321614   -2.260922619
    8.228228228   -2.173785325   -2.186887674   -2.190247281
    8.243243243   -2.098069090   -2.111386171   -2.114802165
    8.258258258   -2.024718620   -2.037866384   -2.041229181
    8.273273273   -1.967152425   -1.978007546   -1.980765567
    8.288288288   -1.934930177   -1.941831878   -1.943551724
    8.303303303   -1.928913609   -1.930946863   -1.931401168
    8.318318318   -1.946271269   -1.940854434   -1.939410027
    8.333333333   -1.985218382   -1.969001601   -1.964833547
    8.348348348   -2.038078973   -2.011456132   -2.004681903
    8.363363363   -2.091774148   -2.059829911   -2.051741941
    8.378378378   -2.136362965   -2.106368919   -2.098795000
    8.393393393   -2.168931791   -2.146512301   -2.140851027
    8.408408408   -2.189992404   -2.176233489   -2.172744977
    8.423423423   -2.201158556   -2.195067336   -2.193504379
    8.438438438   -2.202974028   -2.204232192   -2.204524746
    8.453453453   -2.193743159   -2.201230950   -2.203101389
    8.468468468   -2.174449638   -2.185889668   -2.188764151
    8.483483483   -2.149501828   -2.163138690   -2.166575130
    8.498498498   -2.121624288   -2.136583399   -2.140365880
    8.513513514   -2.087796702   -2.103242316   -2.107166558
    8.528528529   -2.041081371   -2.056334756   -2.060227772
    8.543543544   -1.977808201   -1.993037017   -1.996930689
    8.558558559   -1.902467060   -1.918136201   -1.922138000
    8.573573574   -1.822811506   -1.839039936   -1.843175827
    8.588588589   -1.747273653   -1.763641210   -1.767800501
    8.603603604   -1.687761240   -1.703390650   -1.707341117
    8.618618619   -1.653206810   -1.667937081   -1.671626242
    8.633633634   -1.643769924   -1.658423032   -1.662052145
    8.648648649   -1.656819191   -1.671099147   -1.674597152
    8.663663664   -1.690627224   -1.700490070   -1.702860495
    8.678678679   -1.739627352   -1.737927486   -1.737400901
    8.693693694   -1.795475663   -1.777556810   -1.772976564
    8.708708709   -1.849317133   -1.817759173   -1.809776243
    8.723723724   -1.892453726   -1.855913613   -1.846700652
    8.738738739   -1.919379207   -1.887084743   -1.878956425
    8.753753754   -1.929704940   -1.907630791   -1.902079345
    8.768768769   -1.927648312   -1.917606673   -1.915076778
    8.783783784   -1.917861038   -1.918452889   -1.918590880
    8.798798799   -1.903556633   -1.911839695   -1.913910023
    8.813813814   -1.886822692   -1.899330423   -1.902469964
    8.828828829   -1.866415998   -1.879946661   -1.883361919
    8.843843844   -1.836653120   -1.849632890   -1.852928594
    8.858858859   -1.793318423   -1.806675711   -1.810074526
    8.873873874   -1.739190510   -1.754324354   -1.758169698
    8.888888889   -1.681522282   -1.697891732   -1.702044808
    8.903903904   -1.626896684   -1.642257051   -1.646153543
    8.918918919   -1.578040833   -1.590391941   -1.593530381
    8.933933934   -1.533582480   -1.542573738   -1.544864904
    8.948948949   -1.493043639   -1.499758119   -1.501467207
    8.963963964   -1.460629350   -1.466711688   -1.468242946
    8.978978979   -1.439957576   -1.446208837   -1.447763858
    8.993993994   -1.432239946   -1.437264100   -1.438497405
    9.009009009   -1.439582931   -1.440619751   -1.440839422
    9.024024024   -1.461155448   -1.456956479   -1.455849523
    9.039039039   -1.490267252   -1.481759592   -1.479563805
    9.054054054   -1.519937664   -1.508389582   -1.505429844
    9.069069069   -1.547585532   -1.533459474   -1.529856420
    9.084084084   -1.572302047   -1.556551785   -1.552547417
    9.099099099   -1.592101213   -1.577850923   -1.574228588
    9.114114114   -1.605462047   -1.596405206   -1.594088980
    9.129129129   -1.613338368   -1.611613081   -1.611138207
    9.144144144   -1.618217019   -1.624176729   -1.625633414
    9.159159159   -1.621551829   -1.633821420   -1.636866937
    9.174174174   -1.621342888   -1.637739822   -1.641826696
    9.189189189   -1.614364052   -1.633189033   -1.637889088
    9.204204204   -1.600599356   -1.620516071   -1.625494609
    9.219219219   -1.582580311   -1.601653493   -1.606426712
    9.234234234   -1.564667595   -1.579605458   -1.583348025
    9.249249249   -1.549887315   -1.557429988   -1.559325483
    9.264264264   -1.537143274   -1.536354196   -1.536167006
    9.279279279   -1.524702596   -1.516839922   -1.514883597
    9.294294294   -1.511203638   -1.498469121   -1.495293519
    9.309309309   -1.494693952   -1.479771236   -1.476044630
    9.324324324   -1.474134756   -1.460129711   -1.456628011
    9.339339339   -1.452118155   -1.441977985   -1.439436707
    9.354354354   -1.433733176   -1.429310374   -1.428188145
    9.369369369   -1.424090413   -1.425852278   -1.426258970
    9.384384384   -1.428852486   -1.436058113   -1.437803969
    9.399399399   -1.450167475   -1.460670504   -1.463227287
    9.414414414   -1.480937759   -1.491462165   -1.494027409
    9.429429429   -1.508326870   -1.516100989   -1.517991277
    9.444444444   -1.526907345   -1.530978035   -1.531952710
    9.459459459   -1.542277043   -1.542890626   -1.543004451
    9.474474474   -1.560378470   -1.557483223   -1.556720322
    9.489489489   -1.579494046   -1.572920918   -1.571244797
    9.504504505   -1.591779233   -1.582999080   -1.580788644
    9.519519520   -1.590769911   -1.583243187   -1.581368328
    9.534534535   -1.575708888   -1.573383897   -1.572825939
    9.549549550   -1.550850221   -1.556017811   -1.557342066
    9.564564565   -1.522581437   -1.534785463   -1.537873874
    9.579579580   -1.495916678   -1.512447670   -1.516617432
    9.594594595   -1.474247327   -1.491296446   -1.495587547
    9.609609610   -1.458792675   -1.473406118   -1.477075786
    9.624624625   -1.448891797   -1.459920592   -1.462682818
    9.639639640   -1.443449194   -1.450841654   -1.452686291
    9.654654655   -1.441061295   -1.444925023   -1.445881877
    9.669669670   -1.439495956   -1.439927137   -1.440026236
    9.684684685   -1.435164877   -1.432299211   -1.431583749
    9.699699700   -1.423979348   -1.418478158   -1.417118092
    9.714714715   -1.404922228   -1.398665433   -1.397125258
    9.729729730   -1.382170706   -1.377546675   -1.376415823
    9.744744745   -1.361401912   -1.359854657   -1.359487992
    9.759759760   -1.347854486   -1.349323790   -1.349699574
    9.774774775   -1.345079268   -1.348498821   -1.349349387
    9.789789790   -1.351020581   -1.354784895   -1.355715849
    9.804804805   -1.357794193   -1.360482323   -1.361146086
    9.819819820   -1.358704684   -1.360113030   -1.360460866
    9.834834835   -1.353397443   -1.354105285   -1.354279758
    9.849849850   -1.347092823   -1.347015654   -1.346991409
    9.864864865   -1.345660586   -1.343934933   -1.343493667
    9.879879880   -1.350055572   -1.346351372   -1.345411408
    9.894894895   -1.355053952   -1.350287350   -1.349084182
    9.909909910   -1.352288338   -1.347982689   -1.346906721
    9.924924925   -1.338392149   -1.335710934   -1.335054295
    9.939939940   -1.317243752   -1.316692748   -1.316577666
    9.954954955   -1.294410846   -1.296021641   -1.296452099
    9.969969970   -1.274399324   -1.277931630   -1.278840519
    9.984984985   -1.260928329   -1.266128791   -1.267445033
   10.000000000   -1.255787991   -1.262060318   -1.263633459
   10.015015015   -1.257153704   -1.263091794   -1.264574155
   10.030030030   -1.261266416   -1.265237866   -1.266224442
   10.045045045   -1.264994788   -1.266271115   -1.266579635
   10.060060060   -1.266929894   -1.265947403   -1.265689491
   10.075075075   -1.265775627   -1.263234179   -1.262593438
   10.090090090   -1.259150661   -1.255647464   -1.254780869
   10.105105105   -1.245156639   -1.242101439   -1.241361117
   10.120120120   -1.224429221   -1.223969339   -1.223885342
   10.135135135   -1.199898069   -1.203029025   -1.203842547
   10.150150150   -1.175079112   -1.181046159   -1.182564380
   10.165165165   -1.151699820   -1.159247036   -1.161155213
   10.180180180   -1.131640916   -1.139493456   -1.141470750
   10.195195195   -1.117599446   -1.124296734   -1.125975550
   10.210210210   -1.110484654   -1.114845372   -1.115930635
   10.225225225   -1.108855527   -1.110816150   -1.111294317
   10.240240240   -1.111104097   -1.111650957   -1.111772309
   10.255255255   -1.116198590   -1.116682675   -1.116789132
   10.270270270   -1.122003899   -1.123843545   -1.124291781
   10.285285285   -1.124260945   -1.128775252   -1.129897761
   10.300300300   -1.118429276   -1.126370308   -1.128358832
   10.315315315   -1.105137951   -1.116018359   -1.118749377
   10.330330330   -1.090509915   -1.102332143   -1.105300868
   10.345345345   -1.079758463   -1.089737473   -1.092245766
   10.360360360   -1.073279344   -1.079415662   -1.080964495
   10.375375375   -1.069466272   -1.071496809   -1.072017935
   10.390390390   -1.068018298   -1.066847405   -1.066563732
   10.405405405   -1.068946254   -1.065531824   -1.064682187
   10.420420420   -1.070837832   -1.065739322   -1.064464705
   10.435435435   -1.072468910   -1.066089925   -1.064491219
   10.450450450   -1.074807726   -1.067599614   -1.065789888
   10.465465465   -1.077959590   -1.070229265   -1.068289751
   10.480480480   -1.078462282   -1.070572302   -1.068599058
   10.495495495   -1.072630216   -1.065247031   -1.063408138
   10.510510511   -1.060019832   -1.053640665   -1.052059485
   10.525525526   -1.042393453   -1.037144302   -1.035851093
   10.540540541   -1.021290546   -1.017305183   -1.016330504
   10.555555556   -0.998974012   -0.996443557   -0.995830720
   10.570570571   -0.979263992   -0.978110142   -0.977836009
   10.585585586   -0.965878300   -0.965685432   -0.965643341
   10.600600601   -0.960836194   -0.960977012   -0.961008331
   10.615615616   -0.962845494   -0.963036256   -0.963072647
   10.630630631   -0.967732192   -0.968431934   -0.968593041
   10.645645646   -0.972236649   -0.974279655   -0.974776498
   10.660660661   -0.975241293   -0.979672992   -0.980767886
   10.675675676   -0.975950051   -0.983678170   -0.985599966
   10.690690691   -0.972624225   -0.983658082   -0.986412516
   10.705705706   -0.963836724   -0.977249107   -0.980605937
   10.720720721   -0.950341188   -0.964958458   -0.968622974
   10.735735736   -0.934899129   -0.949542724   -0.953217558
   10.750750751   -0.920952447   -0.934223802   -0.937555593
   10.765765766   -0.911094849   -0.921540780   -0.924162672
   10.780780781   -0.906685467   -0.913456227   -0.915154885
   10.795795796   -0.907068067   -0.910367579   -0.911195161
   10.810810811   -0.910147872   -0.910941694   -0.911139641
   10.825825826   -0.913434654   -0.912845717   -0.912695135
   10.840840841   -0.914970278   -0.913798622   -0.913501061
   10.855855856   -0.914872730   -0.913335991   -0.912946252
   10.870870871   -0.914578460   -0.912649695   -0.912161295
   10.885885886   -0.913717424   -0.911481121   -0.910918123
   10.900900901   -0.909735756   -0.907204090   -0.906574328
   10.915915916   -0.900594136   -0.897535519   -0.896783721
   10.930930931   -0.886931674   -0.883079829   -0.882137710
   10.945945946   -0.870283013   -0.865617149   -0.864475156
   10.960960961   -0.851516066   -0.846233334   -0.844935550
   10.975975976   -0.832112246   -0.826414910   -0.825006914
   10.990990991   -0.814587181   -0.808706535   -0.807243371
   11.006006006   -0.801527811   -0.795658908   -0.794190654
   11.021021021   -0.793855490   -0.788326601   -0.786938920
   11.036036036   -0.790502928   -0.785969018   -0.784828480
   11.051051051   -0.790311052   -0.787276344   -0.786509546
   11.066066066   -0.792383476   -0.791116369   -0.790790821
   11.081081081   -0.794720508   -0.795699101   -0.795936243
   11.096096096   -0.795009944   -0.798667971   -0.799579016
   11.111111111   -0.791843773   -0.798257114   -0.799862600
   11.126126126   -0.785594542   -0.794511313   -0.796747111
   11.141141141   -0.778300525   -0.789075116   -0.791777885
   11.156156156   -0.772009488   -0.783600108   -0.786507087
   11.171171171   -0.767816328   -0.778992070   -0.781792596
   11.186186186   -0.766063964   -0.775684872   -0.778092431
   11.201201201   -0.766700722   -0.774093263   -0.775939720
   11.216216216   -0.768912073   -0.774210506   -0.775531320
   11.231231231   -0.771077190   -0.774910923   -0.775866915
   11.246246246   -0.771546311   -0.774471194   -0.775203902
   11.261261261   -0.770214439   -0.772526727   -0.773110159
   11.276276276   -0.768125006   -0.769829735   -0.770265479
   11.291291291   -0.765274118   -0.765878548   -0.766044484
   11.306306306   -0.760375623   -0.759129057   -0.758837445
   11.321321321   -0.751680399   -0.748202808   -0.747357033
   11.336336336   -0.738779786   -0.733256734   -0.731900129
   11.351351351   -0.723021702   -0.716077638   -0.714364235
   11.366366366   -0.705703254   -0.698266450   -0.696427740
   11.381381381   -0.687968216   -0.681103929   -0.679405004
   11.396396396   -0.671503963   -0.666051536   -0.664700226
   11.411411411   -0.657851307   -0.654233376   -0.653334035
   11.426426426   -0.647513182   -0.645700936   -0.645248156
   11.441441441   -0.640095319   -0.639516363   -0.639370163
   11.456456456   -0.635056564   -0.634998057   -0.634982296
   11.471471471   -0.631905736   -0.632002080   -0.632025555
   11.486486486   -0.630475967   -0.630787554   -0.630864863
   11.501501502   -0.629957152   -0.631070234   -0.631349418
   11.516516517   -0.628311106   -0.631197661   -0.631924215
   11.531531532   -0.623579118   -0.629075622   -0.630459687
   11.546546547   -0.615610033   -0.623877880   -0.625958615
   11.561561562   -0.606697592   -0.616872703   -0.619431537
   11.576576577   -0.599659468   -0.610254847   -0.612917800
   11.591591592   -0.595769412   -0.605651135   -0.608131895
   11.606606607   -0.595832202   -0.604437402   -0.606592521
   11.621621622   -0.600899016   -0.607805879   -0.609529933
   11.636636637   -0.609915705   -0.614953576   -0.616207937
   11.651651652   -0.619290259   -0.622675604   -0.623519096
   11.666666667   -0.625891581   -0.627976505   -0.628498783
   11.681681682   -0.628919527   -0.629978716   -0.630247573
   11.696696697   -0.628593841   -0.628850161   -0.628921630
   11.711711712   -0.623946106   -0.623544027   -0.623457279
   11.726726727   -0.614070387   -0.613085609   -0.612860039
   11.741741742   -0.601475857   -0.599833227   -0.599446267
   11.756756757   -0.589836630   -0.587067417   -0.586399151
   11.771771772   -0.580317583   -0.575919095   -0.574841705
   11.786786787   -0.571931888   -0.566191822   -0.564775209
   11.801801802   -0.562947350   -0.557046166   -0.555586637
   11.816816817   -0.552129815   -0.547291245   -0.546097996
   11.831831832   -0.539384217   -0.536198892   -0.535421009
   11.846846847   -0.525406104   -0.523854791   -0.523485197
   11.861861862   -0.511099496   -0.510742357   -0.510667618
   11.876876877   -0.497627926   -0.497742218   -0.497779882
   11.891891892   -0.487213357   -0.487058818   -0.487024252
   11.906906907   -0.481739425   -0.481024310   -0.480846254
   11.921921922   -0.481274508   -0.480341116   -0.480106188
   11.936936937   -0.483946369   -0.483396609   -0.483256741
   11.951951952   -0.486058329   -0.486294812   -0.486353593
   11.966966967   -0.484623812   -0.485855509   -0.486167314
   11.981981982   -0.479515865   -0.481894349   -0.482497405
   11.996996997   -0.472498670   -0.476098187   -0.477009323
   12.012012012   -0.465507976   -0.470268855   -0.471470399
   12.027027027   -0.460073332   -0.465663516   -0.467069633
   12.042042042   -0.458256798   -0.464052186   -0.465503721
   12.057057057   -0.462068729   -0.467515374   -0.468871296
   12.072072072   -0.471509515   -0.476375038   -0.477578711
   12.087087087   -0.483723543   -0.487789255   -0.488792469
   12.102102102   -0.494047263   -0.497169860   -0.497942283
   12.117117117   -0.499351389   -0.501763274   -0.502362984
   12.132132132   -0.499931012   -0.502138959   -0.502689882
   12.147147147   -0.497939719   -0.500469018   -0.501102064
   12.162162162   -0.494494914   -0.497602204   -0.498383368
   12.177177177   -0.489786263   -0.493254898   -0.494130738
   12.192192192   -0.484310835   -0.487543868   -0.488364757
   12.207207207   -0.478204138   -0.480530227   -0.481127792
   12.222222222   -0.470861008   -0.471779970   -0.472029082
   12.237237237   -0.461001762   -0.460598195   -0.460519955
   12.252252252   -0.447644214   -0.446560479   -0.446314808
   12.267267267   -0.431107993   -0.429869092   -0.429586414
   12.282282282   -0.413161445   -0.411948482   -0.411671913
   12.297297297   -0.396746915   -0.395713945   -0.395478536
   12.312312312   -0.384702795   -0.383856482   -0.383661469
   12.327327327   -0.378017342   -0.377035639   -0.376800076
   12.342342342   -0.375429154   -0.374128927   -0.373808667
   12.357357357   -0.374378476   -0.373168335   -0.372867716
   12.372372372   -0.373224347   -0.372681363   -0.372544690
   12.387387387   -0.372749304   -0.373103335   -0.373185842
   12.402402402   -0.374345063   -0.375405143   -0.375658658
   12.417417417   -0.377841390   -0.379029181   -0.379312464
   12.432432432   -0.382286630   -0.383047974   -0.383225790
   12.447447447   -0.387157526   -0.387377715   -0.387421692
   12.462462462   -0.392442028   -0.392248909   -0.392189606
   12.477477477   -0.398584530   -0.398089292   -0.397952755
   12.492492492   -0.405777972   -0.405176382   -0.405012081
   12.507507508   -0.413119474   -0.412699343   -0.412582625
   12.522522523   -0.418822418   -0.418802745   -0.418791156
   12.537537538   -0.421591649   -0.422118113   -0.422247831
   12.552552553   -0.421299428   -0.422608961   -0.422938159
   12.567567568   -0.418161068   -0.420606817   -0.421223929
   12.582582583   -0.412542777   -0.416403755   -0.417378499
   12.597597598   -0.404965191   -0.410016992   -0.411293125
   12.612612613   -0.395669829   -0.401120529   -0.402499708
   12.627627628   -0.385283848   -0.390226315   -0.391480516
   12.642642643   -0.374764438   -0.378518064   -0.379476220
   12.657657658   -0.364277405   -0.366558727   -0.367149987
   12.672672673   -0.353490470   -0.354390118   -0.354636568
   12.687687688   -0.342049687   -0.342027349   -0.342042610
   12.702702703   -0.329825640   -0.329579849   -0.329536962
   12.717717718   -0.317700405   -0.317576630   -0.317559981
   12.732732733   -0.307775489   -0.307424415   -0.307343892
   12.747747748   -0.302310275   -0.301125058   -0.300827357
   12.762762763   -0.301379870   -0.299178872   -0.298620639
   12.777777778   -0.302672425   -0.300035709   -0.299365546
   12.792792793   -0.303899578   -0.301885320   -0.301370023
   12.807807808   -0.304375587   -0.303815273   -0.303663291
   12.822822823   -0.304525681   -0.305620624   -0.305882191
   12.837837838   -0.304749004   -0.307267526   -0.307885455
   12.852852853   -0.305320714   -0.308726691   -0.309568220
   12.867867868   -0.306572162   -0.310151207   -0.311037633
   12.882882883   -0.309114448   -0.312358955   -0.313161222
   12.897897898   -0.313906052   -0.316518104   -0.317160114
   12.912912913   -0.321042958   -0.322828533   -0.323262477
   12.927927928   -0.329310625   -0.330445573   -0.330716224
   12.942942943   -0.337984786   -0.338861868   -0.339068167
   12.957957958   -0.346371480   -0.347388365   -0.347632356
   12.972972973   -0.352489737   -0.353994485   -0.354365974
   12.987987988   -0.354295168   -0.356332646   -0.356842420
   13.003003003   -0.351252717   -0.353646448   -0.354248796
   13.018018018   -0.344530122   -0.347083541   -0.347728917
   13.033033033   -0.335814807   -0.338400082   -0.339056323
   13.048048048   -0.325731886   -0.328274929   -0.328923507
   13.063063063   -0.313766250   -0.316081216   -0.316675466
   13.078078078   -0.300308475   -0.301987842   -0.302424330
   13.093093093   -0.287440370   -0.287995975   -0.288150111
   13.108108108   -0.277171216   -0.276382156   -0.276196166
   13.123123123   -0.270591919   -0.268760026   -0.268306557
   13.138138138   -0.268053672   -0.265776244   -0.265203178
   13.153153153   -0.268833390   -0.266566244   -0.265990264
   13.168168168   -0.270672706   -0.268548322   -0.268007953
   13.183183183   -0.271456164   -0.269446228   -0.268936829
   13.198198198   -0.270914471   -0.269076752   -0.268611366
   13.213213213   -0.269752492   -0.268251169   -0.267869427
   13.228228228   -0.268055693   -0.266995771   -0.266725353
   13.243243243   -0.265244290   -0.264609096   -0.264447544
   13.258258258   -0.261320039   -0.261150951   -0.261107828
   13.273273273   -0.257235717   -0.257746831   -0.257873180
   13.288288288   -0.253805635   -0.255256484   -0.255615371
   13.303303303   -0.251064225   -0.253594023   -0.254220739
   13.318318318   -0.248532048   -0.251993161   -0.252853438
   13.333333333   -0.245955883   -0.249946228   -0.250941212
   13.348348348   -0.243632346   -0.247700056   -0.248716550
   13.363363363   -0.241890316   -0.245634845   -0.246571845
   13.378378378   -0.240493231   -0.243749930   -0.244565911
   13.393393393   -0.238787760   -0.241531070   -0.242220361
   13.408408408   -0.235996585   -0.238142794   -0.238685559
   13.423423423   -0.231717509   -0.233138822   -0.233502505
   13.438438438   -0.226128699   -0.226849216   -0.227037629
   13.453453453   -0.218911335   -0.219402199   -0.219532622
   13.468468468   -0.209566880   -0.210593780   -0.210858971
   13.483483483   -0.198738565   -0.200845418   -0.201382299
   13.498498498   -0.187882775   -0.190994536   -0.191783708
   13.513513514   -0.178649370   -0.182098113   -0.182969527
   13.528528529   -0.172989018   -0.176047831   -0.176815282
   13.543543544   -0.172297140   -0.174658043   -0.175242630
   13.558558559   -0.175887465   -0.177649101   -0.178078348
   13.573573574   -0.181543828   -0.182804541   -0.183107802
   13.588588589   -0.187341297   -0.188032137   -0.188194901
   13.603603604   -0.192259253   -0.192333195   -0.192344423
   13.618618619   -0.195353412   -0.194808166   -0.194668232
   13.633633634   -0.195545048   -0.194358228   -0.194062190
   13.648648649   -0.192564796   -0.190868511   -0.190448641
   13.663663664   -0.187375739   -0.185528610   -0.185072372
   13.678678679   -0.181886652   -0.180193031   -0.179774363
   13.693693694   -0.177600709   -0.176140914   -0.175778963
   13.708708709   -0.174922862   -0.173745803   -0.173452243
   13.723723724   -0.173469671   -0.172744409   -0.172562195
   13.738738739   -0.172444419   -0.172269603   -0.172224892
   13.753753754   -0.171038310   -0.171228190   -0.171275721
   13.768768769   -0.168627836   -0.168703577   -0.168724312
   13.783783784   -0.164805610   -0.164305854   -0.164184343
   13.798798799   -0.159618993   -0.158423832   -0.158129336
   13.813813814   -0.153828389   -0.152110148   -0.151684549
   13.828828829   -0.148226158   -0.146357098   -0.145892848
   13.843843844   -0.143123755   -0.141564261   -0.141176571
   13.858858859   -0.138675220   -0.137793630   -0.137574407
   13.873873874   -0.134699606   -0.134463566   -0.134405442
   13.888888889   -0.130196544   -0.130243775   -0.130257973
   13.903903904   -0.123795988   -0.124097867   -0.124178038
   13.918918919   -0.115394931   -0.116388213   -0.116641991
   13.933933934   -0.106649275   -0.108791280   -0.109330674
   13.948948949   -0.099796061   -0.103244960   -0.104108183
   13.963963964   -0.096391089   -0.101044419   -0.102205383
   13.978978979   -0.096513674   -0.102174386   -0.103584462
   13.993993994   -0.098980103   -0.105286721   -0.106857281
   14.009009009   -0.102357989   -0.108932501   -0.110570136
   14.024024024   -0.105867008   -0.112452288   -0.114093566
   14.039039039   -0.109454664   -0.115718956   -0.117281681
   14.054054054   -0.113414438   -0.118962311   -0.120347493
   14.069069069   -0.117868049   -0.122370108   -0.123495309
   14.084084084   -0.122208420   -0.125383223   -0.126178493
   14.099099099   -0.125205367   -0.126836018   -0.127247091
   14.114114114   -0.125715255   -0.125833690   -0.125868174
   14.129129129   -0.123420939   -0.122285971   -0.122008453
   14.144144144   -0.119150043   -0.117027791   -0.116504889
   14.159159159   -0.113949135   -0.111070968   -0.110360123
   14.174174174   -0.108295370   -0.104940377   -0.104109654
   14.189189189   -0.102195522   -0.098671177   -0.097796786
   14.204204204   -0.095244256   -0.091812422   -0.090961413
   14.219219219   -0.087241956   -0.084077237   -0.083294256
   14.234234234   -0.078632246   -0.075858674   -0.075173955
   14.249249249   -0.070036627   -0.067873339   -0.067340011
   14.264264264   -0.062120986   -0.061001950   -0.060726969
   14.279279279   -0.055657350   -0.056153761   -0.056279685
   14.294294294   -0.051112359   -0.053596187   -0.054217161
   14.309309309   -0.048458380   -0.052793370   -0.053876103
   14.324324324   -0.047052535   -0.052689494   -0.054097664
   14.339339339   -0.045710186   -0.051874009   -0.053415951
   14.354354354   -0.043935502   -0.049816260   -0.051289523
   14.369369369   -0.043289213   -0.048291050   -0.049542414
   14.384384384   -0.046663240   -0.050429585   -0.051364521
   14.399399399   -0.055527818   -0.057743911   -0.058282459
   14.414414414   -0.068285269   -0.068600135   -0.068658848
   14.429429429   -0.081355386   -0.079681631   -0.079244549
   14.444444444   -0.091539481   -0.088192176   -0.087341963
   14.459459459   -0.097486162   -0.092920996   -0.091772417
   14.474474474   -0.099634962   -0.094286867   -0.092947831
   14.489489489   -0.099004531   -0.093278291   -0.091849123
   14.504504505   -0.096465538   -0.090759826   -0.089338119
   14.519519520   -0.092727958   -0.087452225   -0.086138118
   14.534534535   -0.087776779   -0.083240915   -0.082111760
   14.549549550   -0.081302522   -0.077605190   -0.076685670
   14.564564565   -0.073703877   -0.070865043   -0.070158944
   14.579579580   -0.065768456   -0.063909810   -0.063447398
   14.594594595   -0.057768125   -0.057084969   -0.056916679
   14.609609610   -0.049732021   -0.050423044   -0.050599076
   14.624624625   -0.041770142   -0.044029237   -0.044597159
   14.639639640   -0.033614799   -0.037585195   -0.038581180
   14.654654655   -0.024714943   -0.030325901   -0.031734207
   14.669669670   -0.015262375   -0.022121993   -0.023844885
   14.684684685   -0.006500700   -0.014042345   -0.015936837
   14.699699700    0.000454122   -0.007251410   -0.009186963
   14.714714715    0.005485774   -0.001959371   -0.003829867
   14.729729730    0.009353199    0.002529358    0.000813383
   14.744744745    0.013113112    0.007017092    0.005482316
   14.759759760    0.016707574    0.011204152    0.009818966
   14.774774775    0.018198610    0.013295955    0.012065536
   14.789789790    0.015524134    0.011541213    0.010546896
   14.804804805    0.008688484    0.005992015    0.005325171
   14.819819820   -0.000295274   -0.001559678   -0.001865029
   14.834834835   -0.008530744   -0.008603275   -0.008610793
   14.849849850   -0.013866679   -0.013348644   -0.013211265
   14.864864865   -0.015982522   -0.015527057   -0.015408557
   14.879879880   -0.015757070   -0.015736799   -0.015729398
   14.894894895   -0.014420630   -0.014548230   -0.014579511
   14.909909910   -0.012604701   -0.012000423   -0.011850992
   14.924924925   -0.009704920   -0.007788934   -0.007314718
   14.939939940   -0.005043419   -0.002020789   -0.001272529
   14.954954955    0.000976266    0.004567214    0.005456554
   14.969969970    0.007625984    0.011447184    0.012393409
   14.984984985    0.014597538    0.018672925    0.019681417
   15.000000000    0.021691730    0.026177278    0.027287358
