# energy grid [eV]     ieps_x  ieps_y  ieps_z
#
    0.000000000   64.476645774   65.550213955   65.814361825
    0.015015015   64.409092581   65.475466393   65.737831018
    0.030030030   64.292715570   65.346849348   65.606180126
    0.045045045   64.152904296   65.192597766   65.448349426
    0.060060060   63.990505141   65.013778006   65.265459851
    0.075075075   63.806135618   64.811210896   65.058382685
    0.090090090   63.600473050   64.585786505   64.828060797
    0.105105105   63.374246435   64.338450578   64.575493724
    0.120120120   63.128227349   64.070190414   64.301722314
    0.135135135   62.863221218   63.782021807   64.007814578
    0.150150150   62.580059116   63.474977272   63.694853038
    0.165165165   62.279590210   63.150095705   63.363923691
    0.180180180   61.962674891   62.808413498   63.016106622
    0.195195195   61.630178640   62.450957081   62.652468217
    0.210210210   61.282966597   62.078736790   62.274054858
    0.225225225   60.921898827   61.692741950   61.881887954
    0.240240240   60.547826225   61.293937014   61.476960147
    0.255255255   60.161587020   60.883258637   61.060232513
    0.270270270   59.764003826   60.461613523   60.632632620
    0.285285285   59.355881172   60.029876929   60.195053265
    0.300300300   58.938003485   59.588891708   59.748351785
    0.315315315   58.511133443   59.139467785   59.293349807
    0.330330330   58.076010690   58.682381987   58.830833361
    0.345345345   57.633350836   58.218378149   58.361553255
    0.360360360   57.183844736   57.748167439   57.886225663
    0.375375375   56.728157986   57.272428848   57.405532864
    0.390390390   56.266930630   56.791809818   56.920124097
    0.405405405   55.800777035   56.306926960   56.430616486
    0.420420420   55.330285915   55.818366844   55.937596026
    0.435435435   54.856020489   55.326686846   55.441618598
    0.450450450   54.378518741   54.832416026   54.943211001
    0.465465465   53.898293778   54.336056030   54.442871994
    0.480480480   53.415834264   53.838082008   53.941073323
    0.495495495   52.931604923   53.338943530   53.438260755
    0.510510511   52.446047085   52.839065508   52.934855082
    0.525525526   51.959579291   52.338849109   52.431253116
    0.540540541   51.472597915   51.838672657   51.927828660
    0.555555556   50.985477828   51.338892525   51.424933452
    0.570570571   50.498573071   50.839844005   50.922898096
    0.585585586   50.012217546   50.341842171   50.422032952
    0.600600601   49.526725714   49.845182714   49.922629017
    0.615615616   49.042393300   49.350142758   49.424958766
    0.630630631   48.559497989   48.856981664   48.929276976
    0.645645646   48.078300133   48.365941798   48.435821522
    0.660660661   47.599043432   47.877249289   47.944814142
    0.675675676   47.121955628   47.391114761   47.456461183
    0.690690691   46.647249167   46.907734040   46.970954321
    0.705705706   46.175121864   46.427288837   46.488471248
    0.720720721   45.705757546   45.949947418   46.009176345
    0.735735736   45.239326679   45.475865240   45.533221324
    0.750750751   44.775986985   45.005185573   45.060745848
    0.765765766   44.315884033   44.538040092   44.591878129
    0.780780781   43.859151819   44.074549457   44.126735500
    0.795795796   43.405913327   43.614823864   43.665424968
    0.810810811   42.956281070   43.158963576   43.208043744
    0.825825826   42.510357610   42.707059436   42.754679752
    0.840840841   42.068236067   42.259193360   42.305412115
    0.855855856   41.630000606   41.815438808   41.860311627
    0.870870871   41.195726899   41.375861233   41.419441198
    0.885885886   40.765482581   40.940518521   40.982856287
    0.900900901   40.339327682   40.509461402   40.550605311
    0.915915916   39.917315039   40.082733850   40.122730037
    0.930930931   39.499490693   39.660373463   39.699265965
    0.945945946   39.085894278   39.242411828   39.280242682
    0.960960961   38.676559375   38.828874867   38.865684205
    0.975975976   38.271513870   38.419783173   38.455609317
    0.990990991   37.870780282   38.015152323   38.050031869
    1.006006006   37.474376087   37.614993184   37.648961090
    1.021021021   37.082314016   37.219312202   37.252401864
    1.036036036   36.694602349   36.828111675   36.860355003
    1.051051051   36.311245194   36.441390014   36.472817511
    1.066066066   35.932242743   36.059141999   36.089782822
    1.081081081   35.557591532   35.681359009   35.711241039
    1.096096096   35.187284674   35.308029254   35.337179157
    1.111111111   34.821312087   34.939137987   34.967581272
    1.126126126   34.459660714   34.574667707   34.602428786
    1.141141141   34.102314721   34.214598355   34.241700595
    1.156156156   33.749255700   33.858907499   33.885373270
    1.171171171   33.400462847   33.507570506   33.533421231
    1.186186186   33.055913142   33.160560708   33.185816912
    1.201201201   32.715581513   32.817849562   32.842530909
    1.216216216   32.379440994   32.479406794   32.503532134
    1.231231231   32.047462876   32.145200543   32.168787947
    1.246246246   31.719616844   31.815197494   31.838264294
    1.261261261   31.395871115   31.489363003   31.511925824
    1.276276276   31.076192563   31.167661216   31.189736013
    1.291291291   30.760546836   30.850055182   30.871657269
    1.306306306   30.448898472   30.536506960   30.557651041
    1.321321321   30.141211003   30.226977717   30.247677913
    1.336336336   29.837447056   29.921427825   29.941697705
    1.351351351   29.537568450   29.619816949   29.639669550
    1.366366366   29.241536281   29.322104131   29.341551985
    1.381381381   28.949311008   29.028247867   29.047303025
    1.396396396   28.660852532   28.738206184   28.756880239
    1.411411411   28.376120271   28.451936710   28.470240814
    1.426426426   28.095073226   28.169396737   28.187341622
    1.441441441   27.817670053   27.890543285   27.908139283
    1.456456456   27.543869118   27.615333157   27.632590218
    1.471471471   27.273628558   27.343722996   27.360650703
    1.486486486   27.006906334   27.075669333   27.092276919
    1.501501502   26.743660282   26.811128637   26.827425000
    1.516516517   26.483848160   26.550057354   26.566051075
    1.531531532   26.227427691   26.292411957   26.308111307
    1.546546547   25.974356606   26.038148975   26.053561933
    1.561561562   25.724592681   25.787225035   25.802359301
    1.576576577   25.478093774   25.539596892   25.554459895
    1.591591592   25.234817856   25.295221463   25.309820375
    1.606606607   24.994723044   25.054055851   25.068397599
    1.621621622   24.757767629   24.816057378   24.830148650
    1.636636637   24.523910100   24.581183602   24.595030862
    1.651651652   24.293109174   24.349392346   24.363001838
    1.666666667   24.065323813   24.120641715   24.134019476
    1.681681682   23.840513247   23.894890117   23.908041983
    1.696696697   23.618636994   23.672096279   23.685027896
    1.711711712   23.399654876   23.452219266   23.464936092
    1.726726727   23.183527037   23.235218489   23.247725808
    1.741741742   22.970213954   23.021053728   23.033356653
    1.756756757   22.759676455   22.809685135   22.821788615
    1.771771772   22.551875725   22.601073250   22.612982078
    1.786786787   22.346773325   22.395179008   22.406897826
    1.801801802   22.144331193   22.191963751   22.203497054
    1.816816817   21.944511660   21.991389230   22.002741377
    1.831831832   21.747277451   21.793417620   21.804592830
    1.846846847   21.552591698   21.598011515   21.609013884
    1.861861862   21.360417943   21.405133943   21.415967439
    1.876876877   21.170720142   21.214748366   21.225416838
    1.891891892   20.983462671   21.026818683   21.037325864
    1.906906907   20.798610331   20.841309232   20.851658745
    1.921921922   20.616128346   20.658184797   20.668380157
    1.936936937   20.435982372   20.477410605   20.487455224
    1.951951952   20.258138493   20.298952328   20.308849519
    1.966966967   20.082563225   20.122776085   20.132529065
    1.981981982   19.909223518   19.948848441   19.958460335
    1.996996997   19.738086753   19.777136407   19.786610250
    2.012012012   19.569120743   19.607607441   19.616946181
    2.027027027   19.402293735   19.440229442   19.449435945
    2.042042042   19.237574404   19.274970754   19.284047806
    2.057057057   19.074931856   19.111800161   19.120750470
    2.072072072   18.914335625   18.950686885   18.959513085
    2.087087087   18.755755671   18.791600587   18.800305239
    2.102102102   18.599162377   18.634511358   18.643096953
    2.117117117   18.444526546   18.479389723   18.487858686
    2.132132132   18.291819402   18.326206632   18.334561321
    2.147147147   18.141012584   18.174933463   18.183176174
    2.162162162   17.992078141   18.025542011   18.033674978
    2.177177177   17.844988533   17.878004490   17.886029890
    2.192192192   17.699716626   17.732293528   17.740213480
    2.207207207   17.556235685   17.588382163   17.596198729
    2.222222222   17.414519377   17.446243835   17.453959026
    2.237237237   17.274541761   17.305852390   17.313468164
    2.252252252   17.136277285   17.167182067   17.174700333
    2.267267267   16.999700786   17.030207500   17.037630117
    2.282282282   16.864787481   16.894903710   16.902232492
    2.297297297   16.731512965   16.761246103   16.768482817
    2.312312312   16.599853207   16.629210463   16.636356832
    2.327327327   16.469784543   16.498772949   16.505830654
    2.342342342   16.341283675   16.369910089   16.376880769
    2.357357357   16.214327665   16.242598778   16.249484032
    2.372372372   16.088893931   16.116816270   16.123617658
    2.387387387   15.964960239   15.992540175   15.999259220
    2.402402402   15.842504705   15.869748454   15.876386643
    2.417417417   15.721505785   15.748419416   15.754978197
    2.432432432   15.601942272   15.628531709   15.635012499
    2.447447447   15.483793291   15.510064318   15.516468500
    2.462462462   15.367038296   15.392996563   15.399325485
    2.477477477   15.251657066   15.277308089   15.283563070
    2.492492492   15.137629695   15.162978862   15.169161190
    2.507507508   15.024936594   15.049989170   15.056100103
    2.522522523   14.913558484   14.938319611   14.944360378
    2.537537538   14.803476389   14.827951093   14.833922896
    2.552552553   14.694671636   14.718864829   14.724768840
    2.567567568   14.587125846   14.611042328   14.616879695
    2.582582583   14.480820934   14.504465398   14.510237243
    2.597597598   14.375739102   14.399116135   14.404823554
    2.612612613   14.271862833   14.294976922   14.300620987
    2.627627628   14.169174891   14.192030422   14.197612181
    2.642642643   14.067658314   14.090259576   14.095780056
    2.657657658   13.967296409   13.989647600   13.995107802
    2.672672673   13.868072749   13.890177974   13.895578881
    2.687687688   13.769971171   13.791834445   13.797177017
    2.702702703   13.672975768   13.694601020   13.699886196
    2.717717718   13.577070885   13.598461962   13.603690661
    2.732732733   13.482241119   13.503401784   13.508574906
    2.747747748   13.388471312   13.409405249   13.414523674
    2.762762763   13.295746547   13.316457361   13.321521953
    2.777777778   13.204052144   13.224543366   13.229554968
    2.792792793   13.113373658   13.133648744   13.138608184
    2.807807808   13.023696874   13.043759210   13.048667295
    2.822822823   12.935007803   12.954860702   12.959718228
    2.837837838   12.847292679   12.866939388   12.871747129
    2.852852853   12.760537952   12.779981653   12.784740371
    2.867867868   12.674730293   12.693974100   12.698684540
    2.882882883   12.589856579   12.608903545   12.613566437
    2.897897898   12.505903900   12.524757015   12.529373075
    2.912912913   12.422859547   12.441521742   12.446091671
    2.927927928   12.340711014   12.359185162   12.363709647
    2.942942943   12.259445994   12.277734909   12.282214625
    2.957957958   12.179052374   12.197158816   12.201594423
    2.972972973   12.099518231   12.117444906   12.121837051
    2.987987988   12.020831834   12.038581393   12.042930711
    3.003003003   11.942981633   11.960556678   11.964863792
    3.018018018   11.865956263   11.883359343   11.887624863
    3.033033033   11.789744537   11.806978153   11.811202679
    3.048048048   11.714335444   11.731402048   11.735586167
    3.063063063   11.639718145   11.656620145   11.660764432
    3.078078078   11.565881974   11.582621728   11.586726750
    3.093093093   11.492816429   11.509396253   11.513462564
    3.108108108   11.420511175   11.436933340   11.440961484
    3.123123123   11.348956036   11.365222772   11.369213284
    3.138138138   11.278140998   11.294254492   11.298207895
    3.153153153   11.208056201   11.224018600   11.227935409
    3.168168168   11.138691940   11.154505351   11.158386070
    3.183183183   11.070038660   11.085705150   11.089550276
    3.198198198   11.002086954   11.017608554   11.021418574
    3.213213213   10.934827563   10.950206266   10.953981656
    3.228228228   10.868251370   10.883489132   10.887230363
    3.243243243   10.802349399   10.817448142   10.821155674
    3.258258258   10.737112813   10.752074424   10.755748710
    3.273273273   10.672532912   10.687359243   10.691000727
    3.288288288   10.608601129   10.623293999   10.626903118
    3.303303303   10.545309028   10.559870226   10.563447408
    3.318318318   10.482648305   10.497079586   10.500625252
    3.333333333   10.420610782   10.434913869   10.438428435
    3.348348348   10.359188405   10.373364994   10.376848865
    3.363363363   10.298373244   10.312425000   10.315878576
    3.378378378   10.238157492   10.252086050   10.255509723
    3.393393393   10.178533457   10.192340425   10.195734581
    3.408408408   10.119493567   10.133180524   10.136545544
    3.423423423   10.061030365   10.074598863   10.077935119
    3.438438438   10.003136504   10.016588070   10.019895928
    3.453453453    9.945804752    9.959140885    9.962420705
    3.468468468    9.889027983    9.902250158    9.905502295
    3.483483483    9.832799180    9.845908847    9.849133649
    3.498498498    9.777111433    9.790110016    9.793307826
    3.513513514    9.721957932    9.734846833    9.738017987
    3.528528529    9.667331973    9.680112569    9.683257399
    3.543543544    9.613226951    9.625900597    9.629019428
    3.558558559    9.559636358    9.572204386    9.575297539
    3.573573574    9.506553785    9.519017507    9.522085296
    3.588588589    9.453972919    9.466333622    9.469376358
    3.603603604    9.401887539    9.414146491    9.417164479
    3.618618619    9.350291516    9.362449966    9.365443505
    3.633633634    9.299178815    9.311237988    9.314207374
    3.648648649    9.248543486    9.260504590    9.263450114
    3.663663664    9.198379670    9.210243892    9.213165839
    3.678678679    9.148681592    9.160450101    9.163348753
    3.693693694    9.099443564    9.111117510    9.113993143
    3.708708709    9.050659979    9.062240494    9.065093381
    3.723723724    9.002325315    9.013813512    9.016643920
    3.738738739    8.954434128    8.965831103    8.968639297
    3.753753754    8.906981054    8.918287886    8.921074126
    3.768768769    8.859960808    8.871178559    8.873943101
    3.783783784    8.813368182    8.824497897    8.827240992
    3.798798799    8.767198042    8.778240750    8.780962646
    3.813813814    8.721445328    8.732402043    8.735102985
    3.828828829    8.676105056    8.686976775    8.689657003
    3.843843844    8.631172311    8.641960017    8.644619767
    3.858858859    8.586642249    8.597346909    8.599986414
    3.873873874    8.542510098    8.553132663    8.555752154
    3.888888889    8.498771150    8.509312559    8.511912262
    3.903903904    8.455420769    8.465881946    8.468462083
    3.918918919    8.412454382    8.422836236    8.425397026
    3.933933934    8.369867481    8.380170909    8.382712569
    3.948948949    8.327655625    8.337881509    8.340404252
    3.963963964    8.285814433    8.295963642    8.298467679
    3.978978979    8.244339587    8.254412979    8.256898515
    3.993993994    8.203226831    8.213225248    8.215692488
    4.009009009    8.162471967    8.172396242    8.174845385
    4.024024024    8.122070857    8.131921809    8.134353054
    4.039039039    8.082019422    8.091797858    8.094211400
    4.054054054    8.042313639    8.052020355    8.054416385
    4.069069069    8.002949541    8.012585320    8.014964029
    4.084084084    7.963923217    7.973488833    7.975850406
    4.099099099    7.925230811    7.934727024    7.937071646
    4.114114114    7.886868520    7.896296080    7.898623932
    4.129129129    7.848832592    7.858192240    7.860503501
    4.144144144    7.811119330    7.820411795    7.822706640
    4.159159159    7.773725086    7.782951086    7.785229690
    4.174174174    7.736646263    7.745806507    7.748069041
    4.189189189    7.699879313    7.708974499    7.711221132
    4.204204204    7.663420737    7.672451554    7.674682452
    4.219219219    7.627267084    7.636234211    7.638449539
    4.234234234    7.591414950    7.600319057    7.602518976
    4.249249249    7.555860977    7.564702723    7.566887393
    4.264264264    7.520601853    7.529381890    7.531551469
    4.279279279    7.485634311    7.494353281    7.496507924
    4.294294294    7.450955129    7.459613665    7.461753525
    4.309309309    7.416561128    7.425159853    7.427285082
    4.324324324    7.382449170    7.390988702    7.393099448
    4.339339339    7.348616162    7.357097107    7.359193518
    4.354354354    7.315059052    7.323482010    7.325564230
    4.369369369    7.281774827    7.290140389    7.292208562
    4.384384384    7.248760518    7.257069266    7.259123533
    4.399399399    7.216013191    7.224265701    7.226306201
    4.414414414    7.183529954    7.191726793    7.193753664
    4.429429429    7.151307954    7.159449682    7.161463059
    4.444444444    7.119344373    7.127431543    7.129431561
    4.459459459    7.087636433    7.095669590    7.097656380
    4.474474474    7.056181391    7.064161073    7.066134765
    4.489489489    7.024976542    7.032903279    7.034864003
    4.504504505    6.994019214    7.001893530    7.003841412
    4.519519520    6.963306773    6.971129184    6.973064350
    4.534534535    6.932836616    6.940607634    6.942530207
    4.549549550    6.902606177    6.910326304    6.912236407
    4.564564565    6.872612922    6.880282656    6.882180408
    4.579579580    6.842854351    6.850474181    6.852359703
    4.594594595    6.813327995    6.820898407    6.822771815
    4.609609610    6.784031419    6.791552889    6.793414299
    4.624624625    6.754962217    6.762435217    6.764284745
    4.639639640    6.726118015    6.733543012    6.735380769
    4.654654655    6.697496472    6.704873925    6.706700023
    4.669669670    6.669095272    6.676425636    6.678240186
    4.684684685    6.640912134    6.648195856    6.649998966
    4.699699700    6.612944803    6.620182325    6.621974104
    4.714714715    6.585191053    6.592382813    6.594163366
    4.729729730    6.557648687    6.564795117    6.566564548
    4.744744745    6.530315537    6.537417061    6.539175476
    4.759759760    6.503189460    6.510246500    6.511993999
    4.774774775    6.476268341    6.483281314    6.485017998
    4.789789790    6.449550094    6.456519408    6.458245378
    4.804804805    6.423032656    6.429958718    6.431674071
    4.819819820    6.396713992    6.403597201    6.405302036
    4.834834835    6.370592091    6.377432843    6.379127255
    4.849849850    6.344664969    6.351463654    6.353147738
    4.864864865    6.318930665    6.325687670    6.327361520
    4.879879880    6.293387244    6.300102949    6.301766658
    4.894894895    6.268032793    6.274707576    6.276361234
    4.909909910    6.242865426    6.249499657    6.251143356
    4.924924925    6.217883277    6.224477324    6.226111154
    4.939939940    6.193084505    6.199638732    6.201262779
    4.954954955    6.168467291    6.174982055    6.176596409
    4.969969970    6.144029839    6.150505495    6.152110240
    4.984984985    6.119770374    6.126207272    6.127802495
    5.000000000    6.095687143    6.102085630    6.103671414
    5.015015015    6.071778416    6.078138833    6.079715261
    5.030030030    6.048042483    6.054365167    6.055932322
    5.045045045    6.024477653    6.030762940    6.032320902
    5.060060060    6.001082258    6.007330477    6.008879327
    5.075075075    5.977854650    5.984066127    5.985605945
    5.090090090    5.954793201    5.960968257    5.962499122
    5.105105105    5.931896300    5.938035255    5.939557243
    5.120120120    5.909162360    5.915265528    5.916778716
    5.135135135    5.886589808    5.892657501    5.894161966
    5.150150150    5.864177094    5.870209619    5.871705435
    5.165165165    5.841922685    5.847920345    5.849407587
    5.180180180    5.819825065    5.825788162    5.827266902
    5.195195195    5.797882738    5.803811570    5.805281880
    5.210210210    5.776094226    5.781989085    5.783451038
    5.225225225    5.754458067    5.760319243    5.761772910
    5.240240240    5.732972817    5.738800598    5.740246048
    5.255255255    5.711637048    5.717431718    5.718869020
    5.270270270    5.690449351    5.696211190    5.697640414
    5.285285285    5.669408333    5.675137618    5.676558831
    5.300300300    5.648512615    5.654209622    5.655622890
    5.315315315    5.627760838    5.633425837    5.634831226
    5.330330330    5.607151655    5.612784914    5.614182491
    5.345345345    5.586683737    5.592285523    5.593675351
    5.360360360    5.566355771    5.571926345    5.573308489
    5.375375375    5.546166458    5.551706079    5.553080602
    5.390390390    5.526114513    5.531623439    5.532990404
    5.405405405    5.506198669    5.511677152    5.513036621
    5.420420420    5.486417671    5.491865963    5.493217997
    5.435435435    5.466770279    5.472188628    5.473533287
    5.450450450    5.447255268    5.452643919    5.453981264
    5.465465465    5.427871426    5.433230623    5.434560712
    5.480480480    5.408617556    5.413947538    5.415270431
    5.495495495    5.389492475    5.394793479    5.396109234
    5.510510511    5.370495010    5.375767273    5.377075947
    5.525525526    5.351624007    5.356867760    5.358169409
    5.540540541    5.332878320    5.338093794    5.339388475
    5.555555556    5.314256819    5.319444240    5.320732009
    5.570570571    5.295758385    5.300917980    5.302198891
    5.585585586    5.277381913    5.282513904    5.283788011
    5.600600601    5.259126311    5.264230917    5.265498275
    5.615615616    5.240990496    5.246067936    5.247328598
    5.630630631    5.222973400    5.228023890    5.229277909
    5.645645646    5.205073966    5.210097719    5.211345147
    5.660660661    5.187291151    5.192288378    5.193529266
    5.675675676    5.169623919    5.174594829    5.175829229
    5.690690691    5.152071249    5.157016049    5.158244011
    5.705705706    5.134632131    5.139551026    5.140772600
    5.720720721    5.117305566    5.122198757    5.123413993
    5.735735736    5.100090564    5.104958253    5.106167200
    5.750750751    5.082986149    5.087828534    5.089031240
    5.765765766    5.065991355    5.070808631    5.072005144
    5.780780781    5.049105224    5.053897586    5.055087954
    5.795795796    5.032326811    5.037094451    5.038278721
    5.810810811    5.015655181    5.020398290    5.021576508
    5.825825826    4.999089410    5.003808176    5.004980388
    5.840840841    4.982628582    4.987323191    4.988489443
    5.855855856    4.966271791    4.970942428    4.972102766
    5.870870871    4.950018144    4.954664991    4.955819458
    5.885885886    4.933866754    4.938489992    4.939638634
    5.900900901    4.917816745    4.922416553    4.923559413
    5.915915916    4.901867251    4.906443807    4.907580927
    5.930930931    4.886017415    4.890570893    4.891702318
    5.945945946    4.870266388    4.874796962    4.875922734
    5.960960961    4.854613332    4.859121174    4.860241335
    5.975975976    4.839057417    4.843542697    4.844657288
    5.990990991    4.823597821    4.828060708    4.829169771
    6.006006006    4.808233732    4.812674392    4.813777968
    6.021021021    4.792964347    4.797382946    4.798481075
    6.036036036    4.777788869    4.782185571    4.783278293
    6.051051051    4.762706514    4.767081479    4.768168834
    6.066066066    4.747716501    4.752069890    4.753151918
    6.081081081    4.732818060    4.737150033    4.738226771
    6.096096096    4.718010430    4.722321143    4.723392631
    6.111111111    4.703292856    4.707582465    4.708648741
    6.126126126    4.688664592    4.692933251    4.693994352
    6.141141141    4.674124898    4.678372760    4.679428724
    6.156156156    4.659673046    4.663900261    4.664951125
    6.171171171    4.645308310    4.649515029    4.650560830
    6.186186186    4.631029976    4.635216347    4.636257121
    6.201201201    4.616837334    4.621003504    4.622039287
    6.216216216    4.602729685    4.606875799    4.607906627
    6.231231231    4.588706335    4.592832537    4.593858445
    6.246246246    4.574766596    4.578873029    4.579894052
    6.261261261    4.560909789    4.564996595    4.566012768
    6.276276276    4.547135242    4.551202560    4.552213917
    6.291291291    4.533442290    4.537490258    4.538496833
    6.306306306    4.519830272    4.523859028    4.524860856
    6.321321321    4.506298537    4.510308218    4.511305330
    6.336336336    4.492846440    4.496837180    4.497829610
    6.351351351    4.479473342    4.483445273    4.484433055
    6.366366366    4.466178609    4.470131865    4.471115031
    6.381381381    4.452961616    4.456896328    4.457874909
    6.396396396    4.439821744    4.443738041    4.444712070
    6.411411411    4.426758378    4.430656390    4.431625897
    6.426426426    4.413770911    4.417650764    4.418615782
    6.441441441    4.400858743    4.404720564    4.405681123
    6.456456456    4.388021277    4.391865190    4.392821322
    6.471471471    4.375257925    4.379084055    4.380035789
    6.486486486    4.362568103    4.366376572    4.367323938
    6.501501502    4.349951233    4.353742163    4.354685192
    6.516516517    4.337406744    4.341180256    4.342118977
    6.531531532    4.324934069    4.328690282    4.329624724
    6.546546547    4.312532649    4.316271680    4.317201873
    6.561561562    4.300201927    4.303923895    4.304849867
    6.576576577    4.287941354    4.291646375    4.292568155
    6.591591592    4.275750386    4.279438575    4.280356191
    6.606606607    4.263628485    4.267299955    4.268213436
    6.621621622    4.251575116    4.255229981    4.256139354
    6.636636637    4.239589751    4.243228124    4.244133416
    6.651651652    4.227671868    4.231293858    4.232195097
    6.666666667    4.215820948    4.219426666    4.220323879
    6.681681682    4.204036477    4.207626033    4.208519246
    6.696696697    4.192317949    4.195891450    4.196780690
    6.711711712    4.180664859    4.184222412    4.185107706
    6.726726727    4.169076710    4.172618422    4.173499796
    6.741741742    4.157553008    4.161078984    4.161956463
    6.756756757    4.146093265    4.149603608    4.150477219
    6.771771772    4.134696995    4.138191810    4.139061577
    6.786786787    4.123363721    4.126843110    4.127709059
    6.801801802    4.112092966    4.115557031    4.116419187
    6.816816817    4.100884262    4.104333102    4.105191490
    6.831831832    4.089737141    4.093170858    4.094025502
    6.846846847    4.078651143    4.082069835    4.082920759
    6.861861862    4.067625811    4.071029576    4.071876805
    6.876876877    4.056660692    4.060049628    4.060893185
    6.891891892    4.045755338    4.049129540    4.049969450
    6.906906907    4.034909304    4.038268869    4.039105154
    6.921921922    4.024122152    4.027467173    4.028299858
    6.936936937    4.013393444    4.016724016    4.017553123
    6.951951952    4.002722749    4.006038966    4.006864517
    6.966966967    3.992109639    3.995411593    3.996233612
    6.981981982    3.981553692    3.984841474    3.985659983
    6.996996997    3.971054487    3.974328187    3.975143210
    7.012012012    3.960611608    3.963871317    3.964682875
    7.027027027    3.950224644    3.953470451    3.954278565
    7.042042042    3.939893186    3.943125179    3.943929872
    7.057057057    3.929616830    3.932835097    3.933636390
    7.072072072    3.919395175    3.922599804    3.923397719
    7.087087087    3.909227825    3.912418901    3.913213459
    7.102102102    3.899114386    3.902291996    3.903083217
    7.117117117    3.889054469    3.892218696    3.893006602
    7.132132132    3.879047688    3.882198617    3.882983228
    7.147147147    3.869093660    3.872231373    3.873012711
    7.162162162    3.859192005    3.862316587    3.863094671
    7.177177177    3.849342350    3.852453881    3.853228732
    7.192192192    3.839544321    3.842642883    3.843414520
    7.207207207    3.829797549    3.832883224    3.833651667
    7.222222222    3.820101670    3.823174536    3.823939806
    7.237237237    3.810456320    3.813516458    3.814278574
    7.252252252    3.800861143    3.803908630    3.804667611
    7.267267267    3.791315780    3.794350696    3.795106561
    7.282282282    3.781819882    3.784842302    3.785595071
    7.297297297    3.772373097    3.775383100    3.776132790
    7.312312312    3.762975080    3.765972741    3.766719373
    7.327327327    3.753625489    3.756610883    3.757354475
    7.342342342    3.744323982    3.747297185    3.748037755
    7.357357357    3.735070224    3.738031310    3.738768876
    7.372372372    3.725863880    3.728812922    3.729547503
    7.387387387    3.716704619    3.719641691    3.720373304
    7.402402402    3.707592114    3.710517288    3.711245952
    7.417417417    3.698526039    3.701439387    3.702165119
    7.432432432    3.689506072    3.692407665    3.693130483
    7.447447447    3.680531894    3.683421803    3.684141724
    7.462462462    3.671603188    3.674481484    3.675198525
    7.477477477    3.662719640    3.665586392    3.666300571
    7.492492492    3.653880940    3.656736217    3.657447551
    7.507507508    3.645086779    3.647930649    3.648639155
    7.522522523    3.636336851    3.639169383    3.639875077
    7.537537538    3.627630853    3.630452114    3.631155014
    7.552552553    3.618968486    3.621778543    3.622478664
    7.567567568    3.610349451    3.613148371    3.613845730
    7.582582583    3.601773454    3.604561302    3.605255915
    7.597597598    3.593240202    3.596017043    3.596708926
    7.612612613    3.584749404    3.587515303    3.588204473
    7.627627628    3.576300774    3.579055796    3.579742268
    7.642642643    3.567894025    3.570638234    3.571322024
    7.657657658    3.559528877    3.562262335    3.562943459
    7.672672673    3.551205048    3.553927819    3.554606292
    7.687687688    3.542922260    3.545634407    3.546310244
    7.702702703    3.534680239    3.537381822    3.538055039
    7.717717718    3.526478711    3.529169793    3.529840404
    7.732732733    3.518317406    3.520998047    3.521666068
    7.747747748    3.510196055    3.512866315    3.513531761
    7.762762763    3.502114391    3.504774331    3.505437217
    7.777777778    3.494072152    3.496721831    3.497382172
    7.792792793    3.486069075    3.488708553    3.489366362
    7.807807808    3.478104901    3.480734236    3.481389528
    7.822822823    3.470179373    3.472798623    3.473451413
    7.837837838    3.462292236    3.464901458    3.465551760
    7.852852853    3.454443236    3.457042488    3.457690317
    7.867867868    3.446632123    3.449221463    3.449866831
    7.882882883    3.438858649    3.441438131    3.442081054
    7.897897898    3.431122566    3.433692247    3.434332737
    7.912912913    3.423423629    3.425983566    3.426621638
    7.927927928    3.415761597    3.418311844    3.418947511
    7.942942943    3.408136229    3.410676840    3.411310116
    7.957957958    3.400547286    3.403078316    3.403709214
    7.972972973    3.392994532    3.395516035    3.396144569
    7.987987988    3.385477732    3.387989761    3.388615944
    8.003003003    3.377996653    3.380499262    3.381123106
    8.018018018    3.370551065    3.373044306    3.373665825
    8.033033033    3.363140739    3.365624665    3.366243871
    8.048048048    3.355765447    3.358240109    3.358857017
    8.063063063    3.348424965    3.350890416    3.351505036
    8.078078078    3.341119070    3.343575359    3.344187706
    8.093093093    3.333847539    3.336294719    3.336904803
    8.108108108    3.326610153    3.329048273    3.329656109
    8.123123123    3.319406695    3.321835806    3.322441405
    8.138138138    3.312236948    3.314657099    3.315260474
    8.153153153    3.305100698    3.307511939    3.308113101
    8.168168168    3.297997733    3.300400111    3.300999074
    8.183183183    3.290927840    3.293321406    3.293918180
    8.198198198    3.283890812    3.286275613    3.286870211
    8.213213213    3.276886441    3.279262525    3.279854959
    8.228228228    3.269914520    3.272281935    3.272872216
    8.243243243    3.262974846    3.265333639    3.265921779
    8.258258258    3.256067216    3.258417434    3.259003444
    8.273273273    3.249191429    3.251533118    3.252117011
    8.288288288    3.242347286    3.244680493    3.245262279
    8.303303303    3.235534589    3.237859359    3.238439050
    8.318318318    3.228753142    3.231069521    3.231647128
    8.333333333    3.222002751    3.224310783    3.224886318
    8.348348348    3.215283221    3.217582953    3.218156426
    8.363363363    3.208594362    3.210885837    3.211457260
    8.378378378    3.201935984    3.204219247    3.204788629
    8.393393393    3.195307898    3.197582992    3.198150346
    8.408408408    3.188709916    3.190976886    3.191542222
    8.423423423    3.182141855    3.184400743    3.184964072
    8.438438438    3.175603528    3.177854378    3.178415710
    8.453453453    3.169094755    3.171337609    3.171896954
    8.468468468    3.162615352    3.164850253    3.165407623
    8.483483483    3.156165142    3.158392131    3.158947536
    8.498498498    3.149743944    3.151963064    3.152516514
    8.513513514    3.143351583    3.145562874    3.146114380
    8.528528529    3.136987882    3.139191387    3.139740957
    8.543543544    3.130652667    3.132848426    3.133396072
    8.558558559    3.124345765    3.126533819    3.127079551
    8.573573574    3.118067005    3.120247394    3.120791222
    8.588588589    3.111816216    3.113988980    3.114530914
    8.603603604    3.105593229    3.107758408    3.108298457
    8.618618619    3.099397877    3.101555511    3.102093685
    8.633633634    3.093229993    3.095380120    3.095916430
    8.648648649    3.087089412    3.089232072    3.089766526
    8.663663664    3.080975971    3.083111202    3.083643810
    8.678678679    3.074889506    3.077017347    3.077548118
    8.693693694    3.068829856    3.070950345    3.071479289
    8.708708709    3.062796861    3.064910036    3.065437163
    8.723723724    3.056790363    3.058896261    3.059421580
    8.738738739    3.050810202    3.052908862    3.053432381
    8.753753754    3.044856224    3.046947681    3.047469412
    8.768768769    3.038928273    3.041012565    3.041532514
    8.783783784    3.033026193    3.035103357    3.035621535
    8.798798799    3.027149834    3.029219905    3.029736321
    8.813813814    3.021299041    3.023362057    3.023876719
    8.828828829    3.015473666    3.017529662    3.018042579
    8.843843844    3.009673558    3.011722569    3.012233750
    8.858858859    3.003898569    3.005940631    3.006450085
    8.873873874    2.998148551    3.000183700    3.000691435
    8.888888889    2.992423358    2.994451628    2.994957654
    8.903903904    2.986722846    2.988744272    2.989248596
    8.918918919    2.981046870    2.983061486    2.983564117
    8.933933934    2.975395286    2.977403127    2.977904074
    8.948948949    2.969767954    2.971769053    2.972268325
    8.963963964    2.964164732    2.966159123    2.966656727
    8.978978979    2.958585480    2.960573197    2.961069142
    8.993993994    2.953030059    2.955011136    2.955505430
    9.009009009    2.947498333    2.949472801    2.949965453
    9.024024024    2.941990163    2.943958057    2.944449074
    9.039039039    2.936505414    2.938466766    2.938956157
    9.054054054    2.931043952    2.932998794    2.933486566
    9.069069069    2.925605642    2.927554007    2.928040169
    9.084084084    2.920190352    2.922132271    2.922616831
    9.099099099    2.914797950    2.916733456    2.917216420
    9.114114114    2.909428305    2.911357428    2.911838806
    9.129129129    2.904081286    2.906004060    2.906483859
    9.144144144    2.898756766    2.900673220    2.901151448
    9.159159159    2.893454616    2.895364782    2.895841446
    9.174174174    2.888174709    2.890078617    2.890553725
    9.189189189    2.882916919    2.884814600    2.885288159
    9.204204204    2.877681119    2.879572604    2.880044623
    9.219219219    2.872467187    2.874352505    2.874822991
    9.234234234    2.867274999    2.869154180    2.869623140
    9.249249249    2.862104431    2.863977506    2.864444947
    9.264264264    2.856955362    2.858822360    2.859288290
    9.279279279    2.851827672    2.853688622    2.854153048
    9.294294294    2.846721240    2.848576172    2.849039101
    9.309309309    2.841635947    2.843484890    2.843946329
    9.324324324    2.836571674    2.838414657    2.838874614
    9.339339339    2.831528306    2.833365357    2.833823839
    9.354354354    2.826505724    2.828336872    2.828793885
    9.369369369    2.821503813    2.823329086    2.823784638
    9.384384384    2.816522458    2.818341884    2.818795982
    9.399399399    2.811561545    2.813375152    2.813827803
    9.414414414    2.806620960    2.808428777    2.808879987
    9.429429429    2.801700592    2.803502645    2.803952422
    9.444444444    2.796800327    2.798596644    2.799044995
    9.459459459    2.791920056    2.793710664    2.794157595
    9.474474474    2.787059668    2.788844595    2.789290112
    9.489489489    2.782219054    2.783998326    2.784442436
    9.504504505    2.777398104    2.779171748    2.779614459
    9.519519520    2.772596712    2.774364754    2.774806071
    9.534534535    2.767814770    2.769577237    2.770017167
    9.549549550    2.763052171    2.764809089    2.765247639
    9.564564565    2.758308810    2.760060206    2.760497382
    9.579579580    2.753584582    2.755330481    2.755766289
    9.594594595    2.748879383    2.750619811    2.751054258
    9.609609610    2.744193109    2.745928092    2.746361184
    9.624624625    2.739525658    2.741255220    2.741686964
    9.639639640    2.734876928    2.736601095    2.737031497
    9.654654655    2.730246816    2.731965614    2.732394679
    9.669669670    2.725635223    2.727348676    2.727776412
    9.684684685    2.721042049    2.722750182    2.723176594
    9.699699700    2.716467194    2.718170031    2.718595126
    9.714714715    2.711910559    2.713608126    2.714031909
    9.729729730    2.707372048    2.709064368    2.709486846
    9.744744745    2.702851562    2.704538660    2.704959838
    9.759759760    2.698349004    2.700030905    2.700450790
    9.774774775    2.693864280    2.695541006    2.695959604
    9.789789790    2.689397294    2.691068869    2.691486185
    9.804804805    2.684947951    2.686614399    2.687030439
    9.819819820    2.680516157    2.682177502    2.682592272
    9.834834835    2.676101819    2.677758084    2.678171590
    9.849849850    2.671704843    2.673356051    2.673768299
    9.864864865    2.667325139    2.668971313    2.669382308
    9.879879880    2.662962615    2.664603778    2.665013526
    9.894894895    2.658617179    2.660253354    2.660661860
    9.909909910    2.654288741    2.655919951    2.656327221
    9.924924925    2.649977212    2.651603479    2.652009519
    9.939939940    2.645682503    2.647303849    2.647708665
    9.954954955    2.641404525    2.643020973    2.643424569
    9.969969970    2.637143191    2.638754762    2.639157145
    9.984984985    2.632898413    2.634505129    2.634906304
   10.000000000    2.628670104    2.630271988    2.630671960
   10.015015015    2.624458179    2.626055252    2.626454026
   10.030030030    2.620262551    2.621854835    2.622252417
   10.045045045    2.616083137    2.617670652    2.618067048
   10.060060060    2.611919850    2.613502620    2.613897834
   10.075075075    2.607772609    2.609350653    2.609744691
   10.090090090    2.603641329    2.605214668    2.605607535
   10.105105105    2.599525927    2.601094583    2.601486284
   10.120120120    2.595426321    2.596990315    2.597380856
   10.135135135    2.591342431    2.592901782    2.593291168
   10.150150150    2.587274174    2.588828904    2.589217139
   10.165165165    2.583221470    2.584771599    2.585158688
   10.180180180    2.579184238    2.580729787    2.581115736
   10.195195195    2.575162400    2.576703389    2.577088203
   10.210210210    2.571155877    2.572692325    2.573076009
   10.225225225    2.567164589    2.568696517    2.569079075
   10.240240240    2.563188459    2.564715887    2.565097324
   10.255255255    2.559227410    2.560750356    2.561130679
   10.270270270    2.555281363    2.556799849    2.557179061
   10.285285285    2.551350244    2.552864288    2.553242394
   10.300300300    2.547433975    2.548943597    2.549320602
   10.315315315    2.543532482    2.545037701    2.545413610
   10.330330330    2.539645689    2.541146524    2.541521342
   10.345345345    2.535773522    2.537269993    2.537643723
   10.360360360    2.531915907    2.533408032    2.533780680
   10.375375375    2.528072770    2.529560568    2.529932139
   10.390390390    2.524244038    2.525727527    2.526098026
   10.405405405    2.520429638    2.521908838    2.522278269
   10.420420420    2.516629499    2.518104428    2.518472795
   10.435435435    2.512843548    2.514314224    2.514681532
   10.450450450    2.509071715    2.510538156    2.510904410
   10.465465465    2.505313927    2.506776153    2.507141357
   10.480480480    2.501570116    2.503028144    2.503392303
   10.495495495    2.497840212    2.499294060    2.499657177
   10.510510511    2.494124144    2.495573829    2.495935911
   10.525525526    2.490421844    2.491867385    2.492228434
   10.540540541    2.486733243    2.488174657    2.488534679
   10.555555556    2.483058273    2.484495578    2.484854576
   10.570570571    2.479396866    2.480830080    2.481188059
   10.585585586    2.475748955    2.477178095    2.477535059
   10.600600601    2.472114474    2.473539556    2.473895511
   10.615615616    2.468493355    2.469914398    2.470269346
   10.630630631    2.464885532    2.466302553    2.466656499
   10.645645646    2.461290941    2.462703956    2.463056905
   10.660660661    2.457709516    2.459118542    2.459470497
   10.675675676    2.454141191    2.455546246    2.455897212
   10.690690691    2.450585904    2.451987003    2.452336984
   10.705705706    2.447043589    2.448440749    2.448789749
   10.720720721    2.443514182    2.444907421    2.445255444
   10.735735736    2.439997622    2.441386955    2.441734006
   10.750750751    2.436493845    2.437879288    2.438225370
   10.765765766    2.433002788    2.434384359    2.434729476
   10.780780781    2.429524390    2.430902104    2.431246261
   10.795795796    2.426058589    2.427432462    2.427775662
   10.810810811    2.422605324    2.423975372    2.424317619
   10.825825826    2.419164533    2.420530772    2.420872071
   10.840840841    2.415736156    2.417098603    2.417438956
   10.855855856    2.412320134    2.413678803    2.414018216
   10.870870871    2.408916406    2.410271313    2.410609789
   10.885885886    2.405524913    2.406876074    2.407213616
   10.900900901    2.402145596    2.403493026    2.403829639
   10.915915916    2.398778395    2.400122110    2.400457798
   10.930930931    2.395423254    2.396763269    2.397098035
   10.945945946    2.392080114    2.393416444    2.393750292
   10.960960961    2.388748917    2.390081577    2.390414511
   10.975975976    2.385429605    2.386758611    2.387090635
   10.990990991    2.382122123    2.383447489    2.383778606
   11.006006006    2.378826414    2.380148155    2.380478369
   11.021021021    2.375542421    2.376860552    2.377189866
   11.036036036    2.372270088    2.373584624    2.373913042
   11.051051051    2.369009360    2.370320315    2.370647841
   11.066066066    2.365760181    2.367067570    2.367394208
   11.081081081    2.362522497    2.363826335    2.364152088
   11.096096096    2.359296254    2.360596554    2.360921426
   11.111111111    2.356081396    2.357378174    2.357702168
   11.126126126    2.352877871    2.354171140    2.354494260
   11.141141141    2.349685623    2.350975398    2.351297647
   11.156156156    2.346504601    2.347790896    2.348112278
   11.171171171    2.343334752    2.344617580    2.344938098
   11.186186186    2.340176022    2.341455397    2.341775056
   11.201201201    2.337028359    2.338304296    2.338623098
   11.216216216    2.333891712    2.335164224    2.335482172
   11.231231231    2.330766028    2.332035129    2.332352228
   11.246246246    2.327651256    2.328916960    2.329233212
   11.261261261    2.324547346    2.325809666    2.326125075
   11.276276276    2.321454246    2.322713196    2.323027765
   11.291291291    2.318371906    2.319627500    2.319941232
   11.306306306    2.315300276    2.316552526    2.316865425
   11.321321321    2.312239306    2.313488225    2.313800295
   11.336336336    2.309188946    2.310434548    2.310745792
   11.351351351    2.306149147    2.307391446    2.307701865
   11.366366366    2.303119859    2.304358868    2.304668468
   11.381381381    2.300101036    2.301336766    2.301645550
   11.396396396    2.297092627    2.298325093    2.298633062
   11.411411411    2.294094584    2.295323799    2.295630958
   11.426426426    2.291106861    2.292332836    2.292639188
   11.441441441    2.288129409    2.289352158    2.289657706
   11.456456456    2.285162181    2.286381716    2.286686463
   11.471471471    2.282205129    2.283421464    2.283725413
   11.486486486    2.279258208    2.280471354    2.280774509
   11.501501502    2.276321371    2.277531341    2.277833704
   11.516516517    2.273394571    2.274601377    2.274902952
   11.531531532    2.270477762    2.271681417    2.271982207
   11.546546547    2.267570899    2.268771416    2.269071423
   11.561561562    2.264673937    2.265871326    2.266170554
   11.576576577    2.261786830    2.262981105    2.263279556
   11.591591592    2.258909533    2.260100705    2.260398384
   11.606606607    2.256042002    2.257230084    2.257526992
   11.621621622    2.253184192    2.254369196    2.254665336
   11.636636637    2.250336059    2.251517997    2.251813373
   11.651651652    2.247497560    2.248676443    2.248971058
   11.666666667    2.244668650    2.245844490    2.246138347
   11.681681682    2.241849287    2.243022096    2.243315197
   11.696696697    2.239039427    2.240209216    2.240501565
   11.711711712    2.236239027    2.237405808    2.237697407
   11.726726727    2.233448045    2.234611830    2.234902682
   11.741741742    2.230666438    2.231827238    2.232117346
   11.756756757    2.227894164    2.229051991    2.229341358
   11.771771772    2.225131182    2.226286047    2.226574675
   11.786786787    2.222377449    2.223529363    2.223817256
   11.801801802    2.219632924    2.220781899    2.221069059
   11.816816817    2.216897566    2.218043613    2.218330043
   11.831831832    2.214171334    2.215314464    2.215600167
   11.846846847    2.211454188    2.212594411    2.212879390
   11.861861862    2.208746086    2.209883414    2.210167671
   11.876876877    2.206046988    2.207181433    2.207464971
   11.891891892    2.203356855    2.204488427    2.204771248
   11.906906907    2.200675647    2.201804356    2.202086464
   11.921921922    2.198003323    2.199129181    2.199410578
   11.936936937    2.195339845    2.196462862    2.196743552
   11.951951952    2.192685173    2.193805361    2.194085344
   11.966966967    2.190039269    2.191156637    2.191435918
   11.981981982    2.187402094    2.188516653    2.188795234
   11.996996997    2.184773608    2.185885370    2.186163253
   12.012012012    2.182153775    2.183262749    2.183539937
   12.027027027    2.179542556    2.180648752    2.180925248
   12.042042042    2.176939912    2.178043342    2.178319148
   12.057057057    2.174345807    2.175446481    2.175721599
   12.072072072    2.171760203    2.172858130    2.173132564
   12.087087087    2.169183062    2.170278254    2.170552005
   12.102102102    2.166614349    2.167706814    2.167979886
   12.117117117    2.164054024    2.165143774    2.165416169
   12.132132132    2.161502053    2.162589097    2.162860818
   12.147147147    2.158958399    2.160042748    2.160313796
   12.162162162    2.156423025    2.157504688    2.157775067
   12.177177177    2.153895896    2.154974883    2.155244595
   12.192192192    2.151376975    2.152453297    2.152722344
   12.207207207    2.148866227    2.149939893    2.150208278
   12.222222222    2.146363617    2.147434637    2.147702362
   12.237237237    2.143869109    2.144937492    2.145204560
   12.252252252    2.141382668    2.142448425    2.142714838
   12.267267267    2.138904260    2.139967400    2.140233160
   12.282282282    2.136433849    2.137494382    2.137759492
   12.297297297    2.133971402    2.135029337    2.135293799
   12.312312312    2.131516884    2.132572230    2.132836047
   12.327327327    2.129070260    2.130123028    2.130386201
   12.342342342    2.126631498    2.127681695    2.127944228
   12.357357357    2.124200562    2.125248200    2.125510094
   12.372372372    2.121777421    2.122822507    2.123083766
   12.387387387    2.119362039    2.120404584    2.120665209
   12.402402402    2.116954385    2.117994398    2.118254391
   12.417417417    2.114554424    2.115591914    2.115851278
   12.432432432    2.112162125    2.113197101    2.113455838
   12.447447447    2.109777455    2.110809926    2.111068038
   12.462462462    2.107400380    2.108430355    2.108687845
   12.477477477    2.105030869    2.106058358    2.106315228
   12.492492492    2.102668890    2.103693901    2.103950153
   12.507507508    2.100314411    2.101336952    2.101592589
   12.522522523    2.097967399    2.098987481    2.099242503
   12.537537538    2.095627824    2.096645454    2.096899866
   12.552552553    2.093295653    2.094310841    2.094564643
   12.567567568    2.090970856    2.091983611    2.092236806
   12.582582583    2.088653401    2.089663731    2.089916321
   12.597597598    2.086343258    2.087351172    2.087603159
   12.612612613    2.084040396    2.085045901    2.085297289
   12.627627628    2.081744783    2.082747890    2.082998679
   12.642642643    2.079456390    2.080457106    2.080707299
   12.657657658    2.077175186    2.078173520    2.078423119
   12.672672673    2.074901141    2.075897102    2.076146109
   12.687687688    2.072634226    2.073627822    2.073876238
   12.702702703    2.070374409    2.071365649    2.071613478
   12.717717718    2.068121663    2.069110554    2.069357797
   12.732732733    2.065875956    2.066862507    2.067109167
   12.747747748    2.063637260    2.064621480    2.064867558
   12.762762763    2.061405546    2.062387442    2.062632940
   12.777777778    2.059180784    2.060160365    2.060405286
   12.792792793    2.056962946    2.057940220    2.058184565
   12.807807808    2.054752003    2.055726977    2.055970749
   12.822822823    2.052547926    2.053520609    2.053763810
   12.837837838    2.050350687    2.051321087    2.051563718
   12.852852853    2.048160257    2.049128383    2.049370446
   12.867867868    2.045976609    2.046942468    2.047183966
   12.882882883    2.043799714    2.044763314    2.045004249
   12.897897898    2.041629545    2.042590893    2.042831267
   12.912912913    2.039466073    2.040425179    2.040664992
   12.927927928    2.037309272    2.038266142    2.038505398
   12.942942943    2.035159114    2.036113756    2.036352456
   12.957957958    2.033015571    2.033967993    2.034206140
   12.972972973    2.030878616    2.031828826    2.032066421
   12.987987988    2.028748223    2.029696229    2.029933273
   13.003003003    2.026624365    2.027570173    2.027806670
   13.018018018    2.024507014    2.025450633    2.025686584
   13.033033033    2.022396144    2.023337582    2.023572988
   13.048048048    2.020291730    2.021230993    2.021465857
   13.063063063    2.018193743    2.019130840    2.019365163
   13.078078078    2.016102159    2.017037097    2.017270882
   13.093093093    2.014016951    2.014949737    2.015182985
   13.108108108    2.011938094    2.012868735    2.013101448
   13.123123123    2.009865561    2.010794066    2.011026245
   13.138138138    2.007799327    2.008725702    2.008957350
   13.153153153    2.005739366    2.006663619    2.006894738
   13.168168168    2.003685653    2.004607791    2.004838382
   13.183183183    2.001638164    2.002558193    2.002788258
   13.198198198    1.999596871    2.000514800    2.000744341
   13.213213213    1.997561751    1.998477587    1.998706606
   13.228228228    1.995532779    1.996446529    1.996675027
   13.243243243    1.993509930    1.994421600    1.994649580
   13.258258258    1.991493180    1.992402778    1.992630240
   13.273273273    1.989482503    1.990390036    1.990616983
   13.288288288    1.987477876    1.988383350    1.988609784
   13.303303303    1.985479274    1.986382697    1.986608619
   13.318318318    1.983486673    1.984388052    1.984613464
   13.333333333    1.981500049    1.982399391    1.982624294
   13.348348348    1.979519379    1.980416690    1.980641087
   13.363363363    1.977544638    1.978439925    1.978663817
   13.378378378    1.975575802    1.976469073    1.976692462
   13.393393393    1.973612849    1.974504110    1.974726997
   13.408408408    1.971655755    1.972545013    1.972767400
   13.423423423    1.969704497    1.970591758    1.970813647
   13.438438438    1.967759051    1.968644322    1.968865715
   13.453453453    1.965819394    1.966702682    1.966923580
   13.468468468    1.963885503    1.964766815    1.964987220
   13.483483483    1.961957357    1.962836698    1.963056612
   13.498498498    1.960034931    1.960912309    1.961131733
   13.513513514    1.958118203    1.958993625    1.959212560
   13.528528529    1.956207151    1.957080623    1.957299071
   13.543543544    1.954301753    1.955173280    1.955391244
   13.558558559    1.952401985    1.953271576    1.953489056
   13.573573574    1.950507827    1.951375486    1.951592485
   13.588588589    1.948619255    1.949484990    1.949701508
   13.603603604    1.946736249    1.947600066    1.947816105
   13.618618619    1.944858785    1.945720691    1.945936253
   13.633633634    1.942986843    1.943846843    1.944061930
   13.648648649    1.941120401    1.941978502    1.942193115
   13.663663664    1.939259437    1.940115645    1.940329786
   13.678678679    1.937403930    1.938258251    1.938471921
   13.693693694    1.935553858    1.936406300    1.936619500
   13.708708709    1.933709201    1.934559768    1.934772501
   13.723723724    1.931869937    1.932718636    1.932930903
   13.738738739    1.930036046    1.930882883    1.931094685
   13.753753754    1.928207506    1.929052487    1.929263826
   13.768768769    1.926384296    1.927227428    1.927438305
   13.783783784    1.924566397    1.925407685    1.925618102
   13.798798799    1.922753787    1.923593237    1.923803195
   13.813813814    1.920946445    1.921784064    1.921993565
   13.828828829    1.919144353    1.919980146    1.920189191
   13.843843844    1.917347488    1.918181461    1.918390053
   13.858858859    1.915555832    1.916387991    1.916596130
   13.873873874    1.913769363    1.914599715    1.914807402
   13.888888889    1.911988063    1.912816612    1.913023850
   13.903903904    1.910211910    1.911038663    1.911245453
   13.918918919    1.908440886    1.909265849    1.909472191
   13.933933934    1.906674970    1.907498149    1.907704046
   13.948948949    1.904914144    1.905735543    1.905940996
   13.963963964    1.903158387    1.903978013    1.904183024
   13.978978979    1.901407679    1.902225539    1.902430108
   13.993993994    1.899662003    1.900478101    1.900682230
   14.009009009    1.897921338    1.898735680    1.898939371
   14.024024024    1.896185666    1.896998257    1.897201512
   14.039039039    1.894454966    1.895265813    1.895468632
   14.054054054    1.892729222    1.893538329    1.893740714
   14.069069069    1.891008412    1.891815786    1.892017739
   14.084084084    1.889292520    1.890098165    1.890299687
   14.099099099    1.887581525    1.888385448    1.888586540
   14.114114114    1.885875410    1.886677616    1.886878279
   14.129129129    1.884174156    1.884974651    1.885174886
   14.144144144    1.882477744    1.883276533    1.883476343
   14.159159159    1.880786157    1.881583245    1.881782630
   14.174174174    1.879099375    1.879894768    1.880093730
   14.189189189    1.877417381    1.878211085    1.878409625
   14.204204204    1.875740157    1.876532176    1.876730296
   14.219219219    1.874067685    1.874858025    1.875055725
   14.234234234    1.872399946    1.873188613    1.873385895
   14.249249249    1.870736924    1.871523922    1.871720788
   14.264264264    1.869078600    1.869863934    1.870060385
   14.279279279    1.867424956    1.868208633    1.868404670
   14.294294294    1.865775976    1.866558000    1.866753624
   14.309309309    1.864131641    1.864912017    1.865107231
   14.324324324    1.862491934    1.863270668    1.863465472
   14.339339339    1.860856839    1.861633936    1.861828330
   14.354354354    1.859226336    1.860001801    1.860195789
   14.369369369    1.857600411    1.858374249    1.858567830
   14.384384384    1.855979045    1.856751261    1.856944437
   14.399399399    1.854362221    1.855132820    1.855325593
   14.414414414    1.852749922    1.853518911    1.853711281
   14.429429429    1.851142133    1.851909514    1.852101484
   14.444444444    1.849538835    1.850304615    1.850496185
   14.459459459    1.847940013    1.848704196    1.848895367
   14.474474474    1.846345649    1.847108240    1.847299014
   14.489489489    1.844755727    1.845516732    1.845707110
   14.504504505    1.843170231    1.843929654    1.844119637
   14.519519520    1.841589144    1.842346991    1.842536580
   14.534534535    1.840012450    1.840768725    1.840957922
   14.549549550    1.838440133    1.839194841    1.839383646
   14.564564565    1.836872177    1.837625322    1.837813738
   14.579579580    1.835308565    1.836060153    1.836248180
   14.594594595    1.833749282    1.834499317    1.834686956
   14.609609610    1.832194311    1.832942799    1.833130051
   14.624624625    1.830643637    1.831390582    1.831577449
   14.639639640    1.829097244    1.829842651    1.830029134
   14.654654655    1.827555117    1.828298990    1.828485090
   14.669669670    1.826017239    1.826759583    1.826945302
   14.684684685    1.824483595    1.825224415    1.825409754
   14.699699700    1.822954170    1.823693471    1.823878430
   14.714714715    1.821428948    1.822166734    1.822351315
   14.729729730    1.819907914    1.820644190    1.820828394
   14.744744745    1.818391052    1.819125823    1.819309651
   14.759759760    1.816878348    1.817611618    1.817795072
   14.774774775    1.815369787    1.816101560    1.816284640
   14.789789790    1.813865352    1.814595634    1.814778341
   14.804804805    1.812365030    1.813093825    1.813276160
   14.819819820    1.810868805    1.811596117    1.811778082
   14.834834835    1.809376662    1.810102496    1.810284092
   14.849849850    1.807888587    1.808612947    1.808794176
   14.864864865    1.806404564    1.807127456    1.807308318
   14.879879880    1.804924581    1.805646007    1.805826503
   14.894894895    1.803448620    1.804168587    1.804348718
   14.909909910    1.801976669    1.802695179    1.802874947
   14.924924925    1.800508712    1.801225771    1.801405177
   14.939939940    1.799044736    1.799760348    1.799939392
   14.954954955    1.797584725    1.798298895    1.798477579
   14.969969970    1.796128667    1.796841398    1.797019722
   14.984984985    1.794676545    1.795387842    1.795565809
   15.000000000    1.793228347    1.793938214    1.794115824
