# energy grid [eV]     JDOS [1/eV]
#
    0.000000000    0.000023008
    0.010010010    0.000023133
    0.020020020    0.000023259
    0.030030030    0.000023389
    0.040040040    0.000023521
    0.050050050    0.000023656
    0.060060060    0.000023793
    0.070070070    0.000023934
    0.080080080    0.000024079
    0.090090090    0.000024226
    0.100100100    0.000024378
    0.110110110    0.000024532
    0.120120120    0.000024691
    0.130130130    0.000024854
    0.140140140    0.000025021
    0.150150150    0.000025193
    0.160160160    0.000025369
    0.170170170    0.000025550
    0.180180180    0.000025737
    0.190190190    0.000025929
    0.200200200    0.000026128
    0.210210210    0.000026332
    0.220220220    0.000026543
    0.230230230    0.000026762
    0.240240240    0.000026988
    0.250250250    0.000027222
    0.260260260    0.000027465
    0.270270270    0.000027718
    0.280280280    0.000027980
    0.290290290    0.000028254
    0.300300300    0.000028538
    0.310310310    0.000028836
    0.320320320    0.000029146
    0.330330330    0.000029469
    0.340340340    0.000029807
    0.350350350    0.000030159
    0.360360360    0.000030527
    0.370370370    0.000030910
    0.380380380    0.000031309
    0.390390390    0.000031726
    0.400400400    0.000032163
    0.410410410    0.000032620
    0.420420420    0.000033101
    0.430430430    0.000033605
    0.440440440    0.000034135
    0.450450450    0.000034689
    0.460460460    0.000035269
    0.470470470    0.000035873
    0.480480480    0.000036504
    0.490490490    0.000037162
    0.500500501    0.000037849
    0.510510511    0.000038570
    0.520520521    0.000039326
    0.530530531    0.000040120
    0.540540541    0.000040953
    0.550550551    0.000041825
    0.560560561    0.000042734
    0.570570571    0.000043679
    0.580580581    0.000044658
    0.590590591    0.000045673
    0.600600601    0.000046726
    0.610610611    0.000047821
    0.620620621    0.000048966
    0.630630631    0.000050167
    0.640640641    0.000051432
    0.650650651    0.000052769
    0.660660661    0.000054182
    0.670670671    0.000055676
    0.680680681    0.000057254
    0.690690691    0.000058915
    0.700700701    0.000060659
    0.710710711    0.000062484
    0.720720721    0.000064389
    0.730730731    0.000066369
    0.740740741    0.000068420
    0.750750751    0.000070537
    0.760760761    0.000072712
    0.770770771    0.000074939
    0.780780781    0.000077213
    0.790790791    0.000079528
    0.800800801    0.000081879
    0.810810811    0.000084264
    0.820820821    0.000086684
    0.830830831    0.000089140
    0.840840841    0.000091635
    0.850850851    0.000094172
    0.860860861    0.000096748
    0.870870871    0.000099359
    0.880880881    0.000101996
    0.890890891    0.000104648
    0.900900901    0.000107304
    0.910910911    0.000109957
    0.920920921    0.000112608
    0.930930931    0.000115262
    0.940940941    0.000117934
    0.950950951    0.000120641
    0.960960961    0.000123405
    0.970970971    0.000126245
    0.980980981    0.000129180
    0.990990991    0.000132225
    1.001001001    0.000135389
    1.011011011    0.000138678
    1.021021021    0.000142097
    1.031031031    0.000145650
    1.041041041    0.000149337
    1.051051051    0.000153153
    1.061061061    0.000157090
    1.071071071    0.000161131
    1.081081081    0.000165258
    1.091091091    0.000169452
    1.101101101    0.000173699
    1.111111111    0.000177994
    1.121121121    0.000182337
    1.131131131    0.000186735
    1.141141141    0.000191197
    1.151151151    0.000195732
    1.161161161    0.000200352
    1.171171171    0.000205069
    1.181181181    0.000209896
    1.191191191    0.000214848
    1.201201201    0.000219935
    1.211211211    0.000225163
    1.221221221    0.000230527
    1.231231231    0.000236007
    1.241241241    0.000241561
    1.251251251    0.000247127
    1.261261261    0.000252615
    1.271271271    0.000257924
    1.281281281    0.000262943
    1.291291291    0.000267564
    1.301301301    0.000271694
    1.311311311    0.000275258
    1.321321321    0.000278207
    1.331331331    0.000280518
    1.341341341    0.000282193
    1.351351351    0.000283261
    1.361361361    0.000283771
    1.371371371    0.000283794
    1.381381381    0.000283418
    1.391391391    0.000282739
    1.401401401    0.000281855
    1.411411411    0.000280853
    1.421421421    0.000279803
    1.431431431    0.000278759
    1.441441441    0.000277756
    1.451451451    0.000276816
    1.461461461    0.000275955
    1.471471471    0.000275176
    1.481481481    0.000274478
    1.491491491    0.000273854
    1.501501502    0.000273301
    1.511511512    0.000272818
    1.521521522    0.000272414
    1.531531532    0.000272108
    1.541541542    0.000271923
    1.551551552    0.000271883
    1.561561562    0.000272007
    1.571571572    0.000272312
    1.581581582    0.000272805
    1.591591592    0.000273487
    1.601601602    0.000274348
    1.611611612    0.000275373
    1.621621622    0.000276542
    1.631631632    0.000277838
    1.641641642    0.000279249
    1.651651652    0.000280769
    1.661661662    0.000282398
    1.671671672    0.000284136
    1.681681682    0.000285976
    1.691691692    0.000287904
    1.701701702    0.000289893
    1.711711712    0.000291912
    1.721721722    0.000293930
    1.731731732    0.000295922
    1.741741742    0.000297875
    1.751751752    0.000299794
    1.761761762    0.000301694
    1.771771772    0.000303606
    1.781781782    0.000305567
    1.791791792    0.000307616
    1.801801802    0.000309787
    1.811811812    0.000312106
    1.821821822    0.000314582
    1.831831832    0.000317208
    1.841841842    0.000319960
    1.851851852    0.000322802
    1.861861862    0.000325684
    1.871871872    0.000328550
    1.881881882    0.000331336
    1.891891892    0.000333971
    1.901901902    0.000336389
    1.911911912    0.000338527
    1.921921922    0.000340337
    1.931931932    0.000341796
    1.941941942    0.000342910
    1.951951952    0.000343716
    1.961961962    0.000344282
    1.971971972    0.000344699
    1.981981982    0.000345065
    1.991991992    0.000345479
    2.002002002    0.000346022
    2.012012012    0.000346750
    2.022022022    0.000347691
    2.032032032    0.000348840
    2.042042042    0.000350169
    2.052052052    0.000351635
    2.062062062    0.000353187
    2.072072072    0.000354778
    2.082082082    0.000356367
    2.092092092    0.000357923
    2.102102102    0.000359422
    2.112112112    0.000360841
    2.122122122    0.000362155
    2.132132132    0.000363340
    2.142142142    0.000364375
    2.152152152    0.000365243
    2.162162162    0.000365941
    2.172172172    0.000366480
    2.182182182    0.000366889
    2.192192192    0.000367205
    2.202202202    0.000367474
    2.212212212    0.000367741
    2.222222222    0.000368042
    2.232232232    0.000368404
    2.242242242    0.000368847
    2.252252252    0.000369390
    2.262262262    0.000370050
    2.272272272    0.000370848
    2.282282282    0.000371803
    2.292292292    0.000372932
    2.302302302    0.000374246
    2.312312312    0.000375747
    2.322322322    0.000377427
    2.332332332    0.000379260
    2.342342342    0.000381207
    2.352352352    0.000383214
    2.362362362    0.000385224
    2.372372372    0.000387180
    2.382382382    0.000389040
    2.392392392    0.000390778
    2.402402402    0.000392382
    2.412412412    0.000393854
    2.422422422    0.000395204
    2.432432432    0.000396446
    2.442442442    0.000397587
    2.452452452    0.000398631
    2.462462462    0.000399572
    2.472472472    0.000400401
    2.482482482    0.000401113
    2.492492492    0.000401706
    2.502502503    0.000402191
    2.512512513    0.000402585
    2.522522523    0.000402915
    2.532532533    0.000403217
    2.542542543    0.000403530
    2.552552553    0.000403895
    2.562562563    0.000404349
    2.572572573    0.000404917
    2.582582583    0.000405613
    2.592592593    0.000406433
    2.602602603    0.000407362
    2.612612613    0.000408377
    2.622622623    0.000409448
    2.632632633    0.000410547
    2.642642643    0.000411653
    2.652652653    0.000412756
    2.662662663    0.000413862
    2.672672673    0.000414992
    2.682682683    0.000416185
    2.692692693    0.000417485
    2.702702703    0.000418932
    2.712712713    0.000420556
    2.722722723    0.000422360
    2.732732733    0.000424327
    2.742742743    0.000426421
    2.752752753    0.000428597
    2.762762763    0.000430807
    2.772772773    0.000433009
    2.782782783    0.000435160
    2.792792793    0.000437224
    2.802802803    0.000439164
    2.812812813    0.000440951
    2.822822823    0.000442563
    2.832832833    0.000443993
    2.842842843    0.000445250
    2.852852853    0.000446362
    2.862862863    0.000447370
    2.872872873    0.000448325
    2.882882883    0.000449276
    2.892892893    0.000450266
    2.902902903    0.000451326
    2.912912913    0.000452473
    2.922922923    0.000453714
    2.932932933    0.000455048
    2.942942943    0.000456472
    2.952952953    0.000457977
    2.962962963    0.000459550
    2.972972973    0.000461174
    2.982982983    0.000462824
    2.992992993    0.000464472
    3.003003003    0.000466086
    3.013013013    0.000467640
    3.023023023    0.000469116
    3.033033033    0.000470510
    3.043043043    0.000471831
    3.053053053    0.000473105
    3.063063063    0.000474361
    3.073073073    0.000475639
    3.083083083    0.000476980
    3.093093093    0.000478424
    3.103103103    0.000480008
    3.113113113    0.000481762
    3.123123123    0.000483703
    3.133133133    0.000485830
    3.143143143    0.000488121
    3.153153153    0.000490535
    3.163163163    0.000493014
    3.173173173    0.000495500
    3.183183183    0.000497943
    3.193193193    0.000500305
    3.203203203    0.000502568
    3.213213213    0.000504723
    3.223223223    0.000506760
    3.233233233    0.000508671
    3.243243243    0.000510444
    3.253253253    0.000512073
    3.263263263    0.000513563
    3.273273273    0.000514929
    3.283283283    0.000516200
    3.293293293    0.000517406
    3.303303303    0.000518578
    3.313313313    0.000519744
    3.323323323    0.000520932
    3.333333333    0.000522173
    3.343343343    0.000523502
    3.353353353    0.000524957
    3.363363363    0.000526573
    3.373373373    0.000528370
    3.383383383    0.000530349
    3.393393393    0.000532487
    3.403403403    0.000534745
    3.413413413    0.000537069
    3.423423423    0.000539405
    3.433433433    0.000541700
    3.443443443    0.000543909
    3.453453453    0.000545999
    3.463463463    0.000547953
    3.473473473    0.000549766
    3.483483483    0.000551452
    3.493493493    0.000553045
    3.503503504    0.000554586
    3.513513514    0.000556120
    3.523523524    0.000557677
    3.533533534    0.000559261
    3.543543544    0.000560847
    3.553553554    0.000562383
    3.563563564    0.000563797
    3.573573574    0.000565016
    3.583583584    0.000565977
    3.593593594    0.000566642
    3.603603604    0.000567000
    3.613613614    0.000567071
    3.623623624    0.000566903
    3.633633634    0.000566564
    3.643643644    0.000566136
    3.653653654    0.000565705
    3.663663664    0.000565352
    3.673673674    0.000565141
    3.683683684    0.000565115
    3.693693694    0.000565293
    3.703703704    0.000565673
    3.713713714    0.000566236
    3.723723724    0.000566962
    3.733733734    0.000567834
    3.743743744    0.000568854
    3.753753754    0.000570036
    3.763763764    0.000571411
    3.773773774    0.000573011
    3.783783784    0.000574864
    3.793793794    0.000576978
    3.803803804    0.000579331
    3.813813814    0.000581869
    3.823823824    0.000584506
    3.833833834    0.000587143
    3.843843844    0.000589680
    3.853853854    0.000592041
    3.863863864    0.000594183
    3.873873874    0.000596102
    3.883883884    0.000597824
    3.893893894    0.000599392
    3.903903904    0.000600852
    3.913913914    0.000602246
    3.923923924    0.000603602
    3.933933934    0.000604937
    3.943943944    0.000606257
    3.953953954    0.000607559
    3.963963964    0.000608830
    3.973973974    0.000610051
    3.983983984    0.000611202
    3.993993994    0.000612268
    4.004004004    0.000613247
    4.014014014    0.000614149
    4.024024024    0.000615003
    4.034034034    0.000615844
    4.044044044    0.000616715
    4.054054054    0.000617655
    4.064064064    0.000618699
    4.074074074    0.000619869
    4.084084084    0.000621178
    4.094094094    0.000622623
    4.104104104    0.000624190
    4.114114114    0.000625857
    4.124124124    0.000627600
    4.134134134    0.000629395
    4.144144144    0.000631215
    4.154154154    0.000633036
    4.164164164    0.000634834
    4.174174174    0.000636586
    4.184184184    0.000638273
    4.194194194    0.000639876
    4.204204204    0.000641377
    4.214214214    0.000642751
    4.224224224    0.000643967
    4.234234234    0.000644998
    4.244244244    0.000645826
    4.254254254    0.000646463
    4.264264264    0.000646960
    4.274274274    0.000647397
    4.284284284    0.000647875
    4.294294294    0.000648488
    4.304304304    0.000649302
    4.314314314    0.000650341
    4.324324324    0.000651583
    4.334334334    0.000652967
    4.344344344    0.000654405
    4.354354354    0.000655796
    4.364364364    0.000657036
    4.374374374    0.000658035
    4.384384384    0.000658722
    4.394394394    0.000659062
    4.404404404    0.000659062
    4.414414414    0.000658774
    4.424424424    0.000658282
    4.434434434    0.000657684
    4.444444444    0.000657070
    4.454454454    0.000656512
    4.464464464    0.000656059
    4.474474474    0.000655734
    4.484484484    0.000655543
    4.494494494    0.000655482
    4.504504505    0.000655539
    4.514514515    0.000655703
    4.524524525    0.000655968
    4.534534535    0.000656336
    4.544544545    0.000656813
    4.554554555    0.000657414
    4.564564565    0.000658158
    4.574574575    0.000659067
    4.584584585    0.000660159
    4.594594595    0.000661446
    4.604604605    0.000662928
    4.614614615    0.000664585
    4.624624625    0.000666379
    4.634634635    0.000668257
    4.644644645    0.000670157
    4.654654655    0.000672022
    4.664664665    0.000673803
    4.674674675    0.000675468
    4.684684685    0.000677001
    4.694694695    0.000678401
    4.704704705    0.000679674
    4.714714715    0.000680838
    4.724724725    0.000681919
    4.734734735    0.000682947
    4.744744745    0.000683958
    4.754754755    0.000684983
    4.764764765    0.000686037
    4.774774775    0.000687116
    4.784784785    0.000688194
    4.794794795    0.000689230
    4.804804805    0.000690176
    4.814814815    0.000690990
    4.824824825    0.000691655
    4.834834835    0.000692185
    4.844844845    0.000692628
    4.854854855    0.000693053
    4.864864865    0.000693536
    4.874874875    0.000694136
    4.884884885    0.000694882
    4.894894895    0.000695777
    4.904904905    0.000696801
    4.914914915    0.000697931
    4.924924925    0.000699146
    4.934934935    0.000700437
    4.944944945    0.000701804
    4.954954955    0.000703250
    4.964964965    0.000704774
    4.974974975    0.000706368
    4.984984985    0.000708018
    4.994994995    0.000709703
    5.005005005    0.000711401
    5.015015015    0.000713090
    5.025025025    0.000714746
    5.035035035    0.000716347
    5.045045045    0.000717881
    5.055055055    0.000719350
    5.065065065    0.000720775
    5.075075075    0.000722197
    5.085085085    0.000723670
    5.095095095    0.000725249
    5.105105105    0.000726982
    5.115115115    0.000728907
    5.125125125    0.000731046
    5.135135135    0.000733407
    5.145145145    0.000735980
    5.155155155    0.000738738
    5.165165165    0.000741638
    5.175175175    0.000744622
    5.185185185    0.000747626
    5.195195195    0.000750579
    5.205205205    0.000753416
    5.215215215    0.000756074
    5.225225225    0.000758500
    5.235235235    0.000760641
    5.245245245    0.000762449
    5.255255255    0.000763879
    5.265265265    0.000764905
    5.275275275    0.000765524
    5.285285285    0.000765766
    5.295295295    0.000765687
    5.305305305    0.000765360
    5.315315315    0.000764864
    5.325325325    0.000764272
    5.335335335    0.000763644
    5.345345345    0.000763030
    5.355355355    0.000762464
    5.365365365    0.000761973
    5.375375375    0.000761574
    5.385385385    0.000761283
    5.395395395    0.000761116
    5.405405405    0.000761095
    5.415415415    0.000761255
    5.425425425    0.000761638
    5.435435435    0.000762291
    5.445445445    0.000763255
    5.455455455    0.000764557
    5.465465465    0.000766210
    5.475475475    0.000768210
    5.485485485    0.000770537
    5.495495495    0.000773159
    5.505505506    0.000776028
    5.515515516    0.000779083
    5.525525526    0.000782256
    5.535535536    0.000785475
    5.545545546    0.000788676
    5.555555556    0.000791801
    5.565565566    0.000794807
    5.575575576    0.000797661
    5.585585586    0.000800348
    5.595595596    0.000802865
    5.605605606    0.000805219
    5.615615616    0.000807419
    5.625625626    0.000809471
    5.635635636    0.000811375
    5.645645646    0.000813127
    5.655655656    0.000814725
    5.665665666    0.000816172
    5.675675676    0.000817485
    5.685685686    0.000818701
    5.695695696    0.000819879
    5.705705706    0.000821113
    5.715715716    0.000822524
    5.725725726    0.000824258
    5.735735736    0.000826471
    5.745745746    0.000829309
    5.755755756    0.000832886
    5.765765766    0.000837261
    5.775775776    0.000842432
    5.785785786    0.000848331
    5.795795796    0.000854839
    5.805805806    0.000861794
    5.815815816    0.000869009
    5.825825826    0.000876294
    5.835835836    0.000883472
    5.845845846    0.000890405
    5.855855856    0.000897004
    5.865865866    0.000903243
    5.875875876    0.000909147
    5.885885886    0.000914781
    5.895895896    0.000920224
    5.905905906    0.000925544
    5.915915916    0.000930786
    5.925925926    0.000935960
    5.935935936    0.000941040
    5.945945946    0.000945972
    5.955955956    0.000950681
    5.965965966    0.000955079
    5.975975976    0.000959077
    5.985985986    0.000962590
    5.995995996    0.000965546
    6.006006006    0.000967891
    6.016016016    0.000969593
    6.026026026    0.000970649
    6.036036036    0.000971085
    6.046046046    0.000970966
    6.056056056    0.000970385
    6.066066066    0.000969468
    6.076076076    0.000968351
    6.086086086    0.000967177
    6.096096096    0.000966069
    6.106106106    0.000965127
    6.116116116    0.000964419
    6.126126126    0.000963981
    6.136136136    0.000963828
    6.146146146    0.000963959
    6.156156156    0.000964372
    6.166166166    0.000965065
    6.176176176    0.000966038
    6.186186186    0.000967295
    6.196196196    0.000968840
    6.206206206    0.000970682
    6.216216216    0.000972831
    6.226226226    0.000975297
    6.236236236    0.000978084
    6.246246246    0.000981178
    6.256256256    0.000984550
    6.266266266    0.000988150
    6.276276276    0.000991910
    6.286286286    0.000995752
    6.296296296    0.000999598
    6.306306306    0.001003379
    6.316316316    0.001007050
    6.326326326    0.001010593
    6.336336336    0.001014016
    6.346346346    0.001017341
    6.356356356    0.001020596
    6.366366366    0.001023798
    6.376376376    0.001026943
    6.386386386    0.001029994
    6.396396396    0.001032879
    6.406406406    0.001035490
    6.416416416    0.001037700
    6.426426426    0.001039385
    6.436436436    0.001040455
    6.446446446    0.001040880
    6.456456456    0.001040706
    6.466466466    0.001040050
    6.476476476    0.001039085
    6.486486486    0.001038009
    6.496496496    0.001037017
    6.506506507    0.001036281
    6.516516517    0.001035932
    6.526526527    0.001036056
    6.536536537    0.001036688
    6.546546547    0.001037815
    6.556556557    0.001039373
    6.566566567    0.001041259
    6.576576577    0.001043349
    6.586586587    0.001045512
    6.596596597    0.001047632
    6.606606607    0.001049616
    6.616616617    0.001051397
    6.626626627    0.001052929
    6.636636637    0.001054188
    6.646646647    0.001055160
    6.656656657    0.001055848
    6.666666667    0.001056264
    6.676676677    0.001056437
    6.686686687    0.001056411
    6.696696697    0.001056247
    6.706706707    0.001056025
    6.716716717    0.001055826
    6.726726727    0.001055729
    6.736736737    0.001055792
    6.746746747    0.001056039
    6.756756757    0.001056457
    6.766766767    0.001057005
    6.776776777    0.001057614
    6.786786787    0.001058205
    6.796796797    0.001058693
    6.806806807    0.001058984
    6.816816817    0.001058978
    6.826826827    0.001058568
    6.836836837    0.001057638
    6.846846847    0.001056084
    6.856856857    0.001053824
    6.866866867    0.001050830
    6.876876877    0.001047142
    6.886886887    0.001042879
    6.896896897    0.001038231
    6.906906907    0.001033439
    6.916916917    0.001028765
    6.926926927    0.001024460
    6.936936937    0.001020738
    6.946946947    0.001017757
    6.956956957    0.001015609
    6.966966967    0.001014318
    6.976976977    0.001013842
    6.986986987    0.001014093
    6.996996997    0.001014954
    7.007007007    0.001016305
    7.017017017    0.001018040
    7.027027027    0.001020081
    7.037037037    0.001022379
    7.047047047    0.001024908
    7.057057057    0.001027654
    7.067067067    0.001030597
    7.077077077    0.001033692
    7.087087087    0.001036857
    7.097097097    0.001039962
    7.107107107    0.001042842
    7.117117117    0.001045310
    7.127127127    0.001047184
    7.137137137    0.001048307
    7.147147147    0.001048565
    7.157157157    0.001047900
    7.167167167    0.001046307
    7.177177177    0.001043824
    7.187187187    0.001040525
    7.197197197    0.001036500
    7.207207207    0.001031854
    7.217217217    0.001026712
    7.227227227    0.001021226
    7.237237237    0.001015583
    7.247247247    0.001009997
    7.257257257    0.001004700
    7.267267267    0.000999905
    7.277277277    0.000995783
    7.287287287    0.000992444
    7.297297297    0.000989930
    7.307307307    0.000988228
    7.317317317    0.000987282
    7.327327327    0.000987008
    7.337337337    0.000987306
    7.347347347    0.000988068
    7.357357357    0.000989188
    7.367367367    0.000990564
    7.377377377    0.000992106
    7.387387387    0.000993737
    7.397397397    0.000995388
    7.407407407    0.000996996
    7.417417417    0.000998492
    7.427427427    0.000999805
    7.437437437    0.001000866
    7.447447447    0.001001614
    7.457457457    0.001002017
    7.467467467    0.001002076
    7.477477477    0.001001829
    7.487487487    0.001001345
    7.497497497    0.001000710
    7.507507508    0.001000006
    7.517517518    0.000999305
    7.527527528    0.000998667
    7.537537538    0.000998136
    7.547547548    0.000997745
    7.557557558    0.000997508
    7.567567568    0.000997419
    7.577577578    0.000997449
    7.587587588    0.000997558
    7.597597598    0.000997699
    7.607607608    0.000997824
    7.617617618    0.000997892
    7.627627628    0.000997869
    7.637637638    0.000997732
    7.647647648    0.000997476
    7.657657658    0.000997115
    7.667667668    0.000996683
    7.677677678    0.000996233
    7.687687688    0.000995825
    7.697697698    0.000995511
    7.707707708    0.000995323
    7.717717718    0.000995255
    7.727727728    0.000995266
    7.737737738    0.000995292
    7.747747748    0.000995260
    7.757757758    0.000995112
    7.767767768    0.000994824
    7.777777778    0.000994414
    7.787787788    0.000993929
    7.797797798    0.000993438
    7.807807808    0.000993008
    7.817817818    0.000992690
    7.827827828    0.000992516
    7.837837838    0.000992500
    7.847847848    0.000992649
    7.857857858    0.000992965
    7.867867868    0.000993451
    7.877877878    0.000994107
    7.887887888    0.000994931
    7.897897898    0.000995915
    7.907907908    0.000997045
    7.917917918    0.000998300
    7.927927928    0.000999652
    7.937937938    0.001001064
    7.947947948    0.001002494
    7.957957958    0.001003906
    7.967967968    0.001005270
    7.977977978    0.001006573
    7.987987988    0.001007815
    7.997997998    0.001009001
    8.008008008    0.001010138
    8.018018018    0.001011227
    8.028028028    0.001012258
    8.038038038    0.001013208
    8.048048048    0.001014038
    8.058058058    0.001014705
    8.068068068    0.001015169
    8.078078078    0.001015405
    8.088088088    0.001015403
    8.098098098    0.001015166
    8.108108108    0.001014705
    8.118118118    0.001014032
    8.128128128    0.001013161
    8.138138138    0.001012112
    8.148148148    0.001010916
    8.158158158    0.001009629
    8.168168168    0.001008330
    8.178178178    0.001007123
    8.188188188    0.001006131
    8.198198198    0.001005481
    8.208208208    0.001005292
    8.218218218    0.001005654
    8.228228228    0.001006621
    8.238238238    0.001008198
    8.248248248    0.001010348
    8.258258258    0.001012997
    8.268268268    0.001016050
    8.278278278    0.001019404
    8.288288288    0.001022952
    8.298298298    0.001026591
    8.308308308    0.001030220
    8.318318318    0.001033740
    8.328328328    0.001037053
    8.338338338    0.001040066
    8.348348348    0.001042699
    8.358358358    0.001044903
    8.368368368    0.001046662
    8.378378378    0.001048002
    8.388388388    0.001048981
    8.398398398    0.001049679
    8.408408408    0.001050179
    8.418418418    0.001050551
    8.428428428    0.001050845
    8.438438438    0.001051085
    8.448448448    0.001051279
    8.458458458    0.001051422
    8.468468468    0.001051504
    8.478478478    0.001051511
    8.488488488    0.001051426
    8.498498498    0.001051236
    8.508508509    0.001050941
    8.518518519    0.001050564
    8.528528529    0.001050160
    8.538538539    0.001049820
    8.548548549    0.001049660
    8.558558559    0.001049800
    8.568568569    0.001050350
    8.578578579    0.001051385
    8.588588589    0.001052934
    8.598598599    0.001054978
    8.608608609    0.001057459
    8.618618619    0.001060292
    8.628628629    0.001063376
    8.638638639    0.001066608
    8.648648649    0.001069882
    8.658658659    0.001073100
    8.668668669    0.001076167
    8.678678679    0.001078999
    8.688688689    0.001081529
    8.698698699    0.001083710
    8.708708709    0.001085524
    8.718718719    0.001086979
    8.728728729    0.001088108
    8.738738739    0.001088961
    8.748748749    0.001089594
    8.758758759    0.001090064
    8.768768769    0.001090421
    8.778778779    0.001090706
    8.788788789    0.001090956
    8.798798799    0.001091201
    8.808808809    0.001091475
    8.818818819    0.001091812
    8.828828829    0.001092247
    8.838838839    0.001092815
    8.848848849    0.001093543
    8.858858859    0.001094449
    8.868868869    0.001095540
    8.878878879    0.001096811
    8.888888889    0.001098253
    8.898898899    0.001099860
    8.908908909    0.001101635
    8.918918919    0.001103596
    8.928928929    0.001105770
    8.938938939    0.001108189
    8.948948949    0.001110881
    8.958958959    0.001113864
    8.968968969    0.001117149
    8.978978979    0.001120743
    8.988988989    0.001124649
    8.998998999    0.001128868
    9.009009009    0.001133389
    9.019019019    0.001138189
    9.029029029    0.001143220
    9.039039039    0.001148411
    9.049049049    0.001153679
    9.059059059    0.001158935
    9.069069069    0.001164094
    9.079079079    0.001169083
    9.089089089    0.001173836
    9.099099099    0.001178297
    9.109109109    0.001182412
    9.119119119    0.001186135
    9.129129129    0.001189435
    9.139139139    0.001192304
    9.149149149    0.001194764
    9.159159159    0.001196869
    9.169169169    0.001198693
    9.179179179    0.001200321
    9.189189189    0.001201829
    9.199199199    0.001203272
    9.209209209    0.001204681
    9.219219219    0.001206055
    9.229229229    0.001207374
    9.239239239    0.001208605
    9.249249249    0.001209710
    9.259259259    0.001210659
    9.269269269    0.001211424
    9.279279279    0.001211988
    9.289289289    0.001212347
    9.299299299    0.001212515
    9.309309309    0.001212535
    9.319319319    0.001212478
    9.329329329    0.001212431
    9.339339339    0.001212489
    9.349349349    0.001212726
    9.359359359    0.001213189
    9.369369369    0.001213884
    9.379379379    0.001214783
    9.389389389    0.001215833
    9.399399399    0.001216973
    9.409409409    0.001218151
    9.419419419    0.001219325
    9.429429429    0.001220460
    9.439439439    0.001221510
    9.449449449    0.001222407
    9.459459459    0.001223056
    9.469469469    0.001223359
    9.479479479    0.001223244
    9.489489489    0.001222692
    9.499499499    0.001221764
    9.509509510    0.001220597
    9.519519520    0.001219382
    9.529529530    0.001218328
    9.539539540    0.001217618
    9.549549550    0.001217375
    9.559559560    0.001217648
    9.569569570    0.001218408
    9.579579580    0.001219559
    9.589589590    0.001220963
    9.599599600    0.001222457
    9.609609610    0.001223874
    9.619619620    0.001225062
    9.629629630    0.001225900
    9.639639640    0.001226312
    9.649649650    0.001226268
    9.659659660    0.001225794
    9.669669670    0.001224961
    9.679679680    0.001223884
    9.689689690    0.001222701
    9.699699700    0.001221561
    9.709709710    0.001220597
    9.719719720    0.001219907
    9.729729730    0.001219548
    9.739739740    0.001219537
    9.749749750    0.001219857
    9.759759760    0.001220469
    9.769769770    0.001221319
    9.779779780    0.001222349
    9.789789790    0.001223505
    9.799799800    0.001224744
    9.809809810    0.001226042
    9.819819820    0.001227386
    9.829829830    0.001228762
    9.839839840    0.001230144
    9.849849850    0.001231480
    9.859859860    0.001232707
    9.869869870    0.001233756
    9.879879880    0.001234577
    9.889889890    0.001235156
    9.899899900    0.001235527
    9.909909910    0.001235774
    9.919919920    0.001236013
    9.929929930    0.001236373
    9.939939940    0.001236968
    9.949949950    0.001237878
    9.959959960    0.001239138
    9.969969970    0.001240737
    9.979979980    0.001242630
    9.989989990    0.001244758
   10.000000000    0.001247060
