# energy grid [eV]     epsi_x  epsi_y  epsi_z
#
    0.000000000    0.000000000    0.000000000    0.000000000
    0.015015015    0.006767299    0.005267951    0.000271122
    0.030030030    0.013544557    0.010543225    0.000542362
    0.045045045    0.020341779    0.015833177    0.000813838
    0.060060060    0.027169056    0.021145228    0.001085667
    0.075075075    0.034036616    0.026486902    0.001357970
    0.090090090    0.040954864    0.031865853    0.001630864
    0.105105105    0.047934437    0.037289913    0.001904472
    0.120120120    0.054986250    0.042767117    0.002178915
    0.135135135    0.062121552    0.048305756    0.002454317
    0.150150150    0.069351982    0.053914412    0.002730802
    0.165165165    0.076689629    0.059602006    0.003008498
    0.180180180    0.084147099    0.065377852    0.003287534
    0.195195195    0.091737585    0.071251707    0.003568041
    0.210210210    0.099474948    0.077233836    0.003850153
    0.225225225    0.107373795    0.083335076    0.004134008
    0.240240240    0.115449583    0.089566908    0.004419746
    0.255255255    0.123718714    0.095941548    0.004707510
    0.270270270    0.132198657    0.102472028    0.004997448
    0.285285285    0.140908076    0.109172311    0.005289712
    0.300300300    0.149866977    0.116057404    0.005584458
    0.315315315    0.159096870    0.123143494    0.005881848
    0.330330330    0.168620961    0.130448102    0.006182047
    0.345345345    0.178464358    0.137990263    0.006485227
    0.360360360    0.188654320    0.145790725    0.006791568
    0.375375375    0.199220533    0.153872193    0.007101253
    0.390390390    0.210195431    0.162259598    0.007414475
    0.405405405    0.221614570    0.170980426    0.007731434
    0.420420420    0.233517060    0.180065097    0.008052337
    0.435435435    0.245946070    0.189547414    0.008377403
    0.450450450    0.258949428    0.199465099    0.008706857
    0.465465465    0.272580313    0.209860436    0.009040937
    0.480480480    0.286898098    0.220781042    0.009379892
    0.495495495    0.301969340    0.232280797    0.009723982
    0.510510511    0.317868979    0.244420992    0.010073483
    0.525525526    0.334681778    0.257271723    0.010428683
    0.540540541    0.352504089    0.270913625    0.010789886
    0.555555556    0.371446008    0.285440036    0.011157414
    0.570570571    0.391634043    0.300959714    0.011531605
    0.585585586    0.413214437    0.317600292    0.011912822
    0.600600601    0.436357348    0.335512704    0.012301444
    0.615615616    0.461262156    0.354876919    0.012697878
    0.630630631    0.488164260    0.375909451    0.013102556
    0.645645646    0.517343904    0.398873312    0.013515939
    0.660660661    0.549137749    0.424091380    0.013938518
    0.675675676    0.583954253    0.451964583    0.014370822
    0.690690691    0.622294395    0.482997031    0.014813414
    0.705705706    0.664780027    0.517831285    0.015266904
    0.720720721    0.712193266    0.557298699    0.015731945
    0.735735736    0.765532205    0.602492607    0.016209245
    0.750750751    0.826091134    0.654876711    0.016699569
    0.765765766    0.895578302    0.716448722    0.017203748
    0.780780781    0.976292153    0.789991965    0.017722685
    0.795795796    1.071389924    0.879467996    0.018257366
    0.810810811    1.185302742    0.990632970    0.018808870
    0.825825826    1.324378993    1.131989959    0.019378382
    0.840840841    1.497856773    1.316154879    0.019967207
    0.855855856    1.719191499    1.561334228    0.020576788
    0.870870871    2.007276068    1.890921279    0.021208724
    0.885885886    2.385437370    2.324275980    0.021864802
    0.900900901    2.873819841    2.847856825    0.022547017
    0.915915916    3.476791658    3.390171831    0.023257615
    0.930930931    4.175540889    3.878644300    0.023999134
    0.945945946    4.895506120    4.279045316    0.024774459
    0.960960961    5.484675360    4.521942906    0.025586887
    0.975975976    5.797501577    4.540580834    0.026440214
    0.990990991    5.798853801    4.324625930    0.027338838
    1.006006006    5.685911448    3.994235888    0.028287892
    1.021021021    5.727973395    3.746291121    0.029293424
    1.036036036    6.003079226    3.674153896    0.030362615
    1.051051051    6.405340999    3.747317642    0.031504087
    1.066066066    6.827898665    3.888678843    0.032728294
    1.081081081    7.270273977    4.033496096    0.034048076
    1.096096096    7.837030781    4.192646686    0.035479404
    1.111111111    8.627180335    4.427852364    0.037042438
    1.126126126    9.538380690    4.717390815    0.038763035
    1.141141141   10.366132717    4.971792270    0.040674941
    1.156156156   11.018205865    5.146936091    0.042823061
    1.171171171   11.491764818    5.270118520    0.045268395
    1.186186186   11.782066604    5.390991594    0.048095664
    1.201201201   11.995965886    5.584708057    0.051425217
    1.216216216   12.357102537    5.948553152    0.055431630
    1.231231231   12.903705823    6.516326781    0.060371832
    1.246246246   13.507026329    7.232709817    0.066622667
    1.261261261   14.174729150    7.960825660    0.074709679
    1.276276276   15.011088013    8.562849462    0.085241948
    1.291291291   15.902880513    9.041292246    0.098526891
    1.306306306   16.607609739    9.420321054    0.113736307
    1.321321321   17.109640569    9.658770638    0.128577845
    1.336336336   17.507330695    9.783922357    0.140593945
    1.351351351   17.945286147    9.985115904    0.148736783
    1.366366366   18.626389044   10.451824204    0.153519416
    1.381381381   19.663873254   11.276611967    0.155688435
    1.396396396   21.016552068   12.448610240    0.157503518
    1.411411411   22.577930135   13.820179186    0.162812578
    1.426426426   24.153858307   15.140774260    0.173028532
    1.441441441   25.523928562   16.257159070    0.185573577
    1.456456456   26.569477055   17.150112821    0.196999388
    1.471471471   27.224224483   17.790254555    0.207538820
    1.486486486   27.399397383   18.185500841    0.220182074
    1.501501502   27.071051459   18.500172326    0.236216416
    1.516516517   26.597798748   19.050691888    0.253574256
    1.531531532   26.475983496   20.043653220    0.268169061
    1.546546547   26.835420237   21.395133719    0.276961967
    1.561561562   27.372896833   22.888523463    0.280575385
    1.576576577   27.692999400   24.388388275    0.283668086
    1.591591592   27.740286149   25.930303054    0.292013475
    1.606606607   27.817645721   27.631011194    0.307308436
    1.621621622   28.183336287   29.449079491    0.325841757
    1.636636637   28.798579868   31.249497362    0.343598668
    1.651651652   29.464787576   32.914753596    0.361936638
    1.666666667   29.819564249   34.031501327    0.384639828
    1.681681682   29.472435929   34.170560131    0.410505615
    1.696696697   28.352503936   33.361349720    0.435131212
    1.711711712   26.674470470   31.819296492    0.457672721
    1.726726727   24.718598202   29.726461001    0.480472372
    1.741741742   22.758223924   27.391461979    0.505919653
    1.756756757   21.022114289   25.212735119    0.533777895
    1.771771772   19.585765076   23.371893434    0.562904124
    1.786786787   18.443520467   21.898759486    0.595303130
    1.801801802   17.559371640   20.735530905    0.631944995
    1.816816817   16.798194855   19.624611579    0.667256713
    1.831831832   16.080943333   18.409008572    0.695635000
    1.846846847   15.450870346   17.254737848    0.719290100
    1.861861862   14.959521687   16.372121636    0.742489057
    1.876876877   14.560988351   15.730644883    0.765693815
    1.891891892   14.113234442   15.124586078    0.789881292
    1.906906907   13.520793178   14.429286360    0.818061518
    1.921921922   12.842829504   13.710574815    0.851862496
    1.936936937   12.171206366   13.053835384    0.890380937
    1.951951952   11.477918396   12.410214243    0.932385740
    1.966966967   10.720106782   11.704353917    0.977458309
    1.981981982    9.966950905   10.971121691    1.022449811
    1.996996997    9.330475927   10.314727611    1.063578213
    2.012012012    8.848925496    9.781098478    1.102389696
    2.027027027    8.515170399    9.374256498    1.143751901
    2.042042042    8.305401966    9.102097159    1.191962524
    2.057057057    8.141278811    8.904598260    1.247600466
    2.072072072    7.947389748    8.688539570    1.307212607
    2.087087087    7.714683495    8.419130962    1.369964646
    2.102102102    7.482836030    8.110563775    1.445531862
    2.117117117    7.322438178    7.798892149    1.545769872
    2.132132132    7.285176591    7.521384085    1.667668003
    2.147147147    7.344123292    7.304487803    1.793948467
    2.162162162    7.419383153    7.144494296    1.913313670
    2.177177177    7.481120893    7.012851061    2.025949528
    2.192192192    7.552345196    6.896668322    2.127144824
    2.207207207    7.628671386    6.828567967    2.202301818
    2.222222222    7.684086362    6.844170591    2.232452092
    2.237237237    7.719041561    6.930305494    2.214108548
    2.252252252    7.745696865    7.041342257    2.167990569
    2.267267267    7.736359397    7.123370262    2.116419400
    2.282282282    7.624379051    7.110343839    2.068206155
    2.297297297    7.362008409    6.956105424    2.025085203
    2.312312312    7.005308324    6.690284076    1.986926328
    2.327327327    6.658628334    6.384991227    1.947974843
    2.342342342    6.363722755    6.111819561    1.894364335
    2.357357357    6.109613238    5.921715417    1.823219798
    2.372372372    5.889430858    5.831869535    1.753879659
    2.387387387    5.739847147    5.843729476    1.707604011
    2.402402402    5.682355082    5.920741967    1.687319241
    2.417417417    5.690185198    6.009487532    1.677181018
    2.432432432    5.747767290    6.107679157    1.660168461
    2.447447447    5.855219757    6.228659024    1.628612565
    2.462462462    5.989715110    6.350335247    1.583588628
    2.477477477    6.116525272    6.440098318    1.529119033
    2.492492492    6.210633060    6.503284900    1.472551567
    2.507507508    6.245537078    6.578719072    1.424289243
    2.522522523    6.189558854    6.676696031    1.383149575
    2.537537538    6.033608247    6.780184748    1.343387896
    2.552552553    5.791197782    6.848917485    1.308317774
    2.567567568    5.487092385    6.823978072    1.283194395
    2.582582583    5.155222190    6.675343241    1.266659763
    2.597597598    4.840510078    6.443733713    1.251873515
    2.612612613    4.577394973    6.195495996    1.233803218
    2.627627628    4.364892078    5.940925241    1.216167339
    2.642642643    4.182737326    5.662300736    1.204052493
    2.657657658    4.021572901    5.385334620    1.199009948
    2.672672673    3.888663663    5.155628713    1.202192607
    2.687687688    3.791570051    4.985393916    1.212635690
    2.702702703    3.741019082    4.863421912    1.225555196
    2.717717718    3.755326807    4.779977462    1.237459947
    2.732732733    3.822411139    4.710710070    1.246876885
    2.747747748    3.885269352    4.617602238    1.249816781
    2.762762763    3.891710557    4.493582691    1.247722373
    2.777777778    3.837413018    4.363563074    1.248136051
    2.792792793    3.743491236    4.257119312    1.247417039
    2.807807808    3.629972879    4.194230103    1.233208856
    2.822822823    3.523107843    4.180652430    1.201682138
    2.837837838    3.448197633    4.216904871    1.161644215
    2.852852853    3.420121179    4.298763923    1.124591261
    2.867867868    3.421233431    4.391273771    1.097037807
    2.882882883    3.415863500    4.454493883    1.081029048
    2.897897898    3.395740003    4.487555215    1.075565406
    2.912912913    3.374704741    4.495300062    1.076256344
    2.927927928    3.354965476    4.465707471    1.077883308
    2.942942943    3.319331530    4.384449027    1.078363200
    2.957957958    3.253061813    4.252887980    1.076315582
    2.972972973    3.166591579    4.110384400    1.070419494
    2.987987988    3.091835268    4.015585036    1.063655393
    3.003003003    3.052799913    3.996590732    1.059830331
    3.018018018    3.051692077    4.025036073    1.058839171
    3.033033033    3.082508687    4.056538855    1.057646202
    3.048048048    3.136499139    4.078975380    1.053040991
    3.063063063    3.196824756    4.097466991    1.044876697
    3.078078078    3.240906195    4.104266627    1.037344428
    3.093093093    3.255434341    4.089145185    1.032042611
    3.108108108    3.244657223    4.057760804    1.026488354
    3.123123123    3.217462652    4.019264878    1.018456057
    3.138138138    3.170318827    3.965923541    1.004975877
    3.153153153    3.092691274    3.876261580    0.984631575
    3.168168168    2.986378796    3.740627753    0.962007562
    3.183183183    2.874304551    3.587309026    0.944762335
    3.198198198    2.782760226    3.452027385    0.937148965
    3.213213213    2.717957570    3.341545346    0.936441754
    3.228228228    2.669253726    3.245805721    0.936517646
    3.243243243    2.626420201    3.161963664    0.937501696
    3.258258258    2.593068298    3.094010592    0.943008305
    3.273273273    2.581852158    3.044560813    0.951803753
    3.288288288    2.590338972    3.006809359    0.959348648
    3.303303303    2.601282187    2.975499810    0.964228471
    3.318318318    2.597217545    2.944500469    0.967737201
    3.333333333    2.565309897    2.890426819    0.969208509
    3.348348348    2.506448661    2.802596739    0.965389588
    3.363363363    2.435170512    2.696832237    0.955349563
    3.378378378    2.362282884    2.588684165    0.944390316
    3.393393393    2.285540875    2.481496112    0.938825127
    3.408408408    2.205107163    2.381070105    0.940314568
    3.423423423    2.132418788    2.301176707    0.946619220
    3.438438438    2.074754690    2.244404257    0.952876565
    3.453453453    2.029709930    2.202758936    0.954718859
    3.468468468    1.996715261    2.175904053    0.956739300
    3.483483483    1.978039789    2.165778482    0.967783268
    3.498498498    1.971241452    2.161109486    0.984921412
    3.513513514    1.965986018    2.144797979    0.998636382
    3.528528529    1.953875661    2.118682705    1.007077691
    3.543543544    1.933449155    2.097516549    1.013139540
    3.558558559    1.899498753    2.078467764    1.018049750
    3.573573574    1.850156795    2.048856909    1.023361760
    3.588588589    1.798997146    2.012042682    1.031777482
    3.603603604    1.764760499    1.985429798    1.044799870
    3.618618619    1.756696798    1.979335991    1.063829482
    3.633633634    1.772076726    1.991232428    1.086975073
    3.648648649    1.801803569    2.011023901    1.107495990
    3.663663664    1.837781748    2.027124525    1.121308755
    3.678678679    1.871316812    2.032968075    1.131501900
    3.693693694    1.881725173    2.021184431    1.146462165
    3.708708709    1.851652775    1.982516483    1.170248297
    3.723723724    1.792025082    1.922861571    1.195939290
    3.738738739    1.726234866    1.865492799    1.216271402
    3.753753754    1.664229047    1.826684234    1.233857909
    3.768768769    1.604985863    1.803283620    1.252769760
    3.783783784    1.544110634    1.778256905    1.274340064
    3.798798799    1.478951460    1.736882016    1.302242627
    3.813813814    1.418048999    1.684592052    1.338182882
    3.828828829    1.373086159    1.640306838    1.379909151
    3.843843844    1.344618756    1.613486883    1.423031979
    3.858858859    1.329153585    1.596733144    1.463800486
    3.873873874    1.328847349    1.579799014    1.499559618
    3.888888889    1.346146705    1.562379230    1.525437406
    3.903903904    1.376985834    1.549043345    1.541006376
    3.918918919    1.409629244    1.537215138    1.552320659
    3.933933934    1.433089301    1.523387122    1.564490875
    3.948948949    1.443456098    1.508931126    1.579770585
    3.963963964    1.436646066    1.491646806    1.599596732
    3.978978979    1.410194218    1.468948876    1.625277516
    3.993993994    1.370244107    1.446153279    1.652404187
    4.009009009    1.327636538    1.429941651    1.672633210
    4.024024024    1.290765596    1.417851726    1.687449033
    4.039039039    1.265392214    1.401518341    1.709813366
    4.054054054    1.253988952    1.378982306    1.745015177
    4.069069069    1.250492086    1.354532158    1.783748579
    4.084084084    1.246126955    1.330991637    1.819720127
    4.099099099    1.240319440    1.311536607    1.858877601
    4.114114114    1.236676407    1.298030505    1.910508845
    4.129129129    1.234534578    1.285500787    1.975010802
    4.144144144    1.235645295    1.271614452    2.042408444
    4.159159159    1.244830657    1.262112484    2.106308981
    4.174174174    1.260638132    1.262522273    2.173261605
    4.189189189    1.279276269    1.273135117    2.252827214
    4.204204204    1.298582192    1.287568122    2.342494673
    4.219219219    1.316139675    1.298592506    2.432145934
    4.234234234    1.326114542    1.302944649    2.518757620
    4.249249249    1.320057022    1.297634911    2.603181337
    4.264264264    1.295326478    1.280318752    2.686877759
    4.279279279    1.259455895    1.251934495    2.786195732
    4.294294294    1.221945084    1.218552032    2.918088400
    4.309309309    1.191408768    1.189615920    3.074337887
    4.324324324    1.172463499    1.170330887    3.227213864
    4.339339339    1.162113803    1.158187457    3.366637427
    4.354354354    1.156369905    1.148826618    3.518153686
    4.369369369    1.156255777    1.142480841    3.704000196
    4.384384384    1.164065311    1.142418605    3.913751028
    4.399399399    1.180824957    1.150925195    4.132847080
    4.414414414    1.210131236    1.169970309    4.370478507
    4.429429429    1.251916927    1.196066205    4.633747175
    4.444444444    1.294212173    1.219467257    4.906644504
    4.459459459    1.322447629    1.235478584    5.154234590
    4.474474474    1.333269365    1.247563609    5.315659677
    4.489489489    1.331926799    1.258286938    5.291963762
    4.504504505    1.323473412    1.265301342    5.003371646
    4.519519520    1.308700371    1.266237790    4.518505290
    4.534534535    1.283940587    1.258681663    4.022456570
    4.549549550    1.250279086    1.242332563    3.633111308
    4.564564565    1.217658374    1.223153088    3.365136570
    4.579579580    1.195249224    1.207159876    3.204905149
    4.594594595    1.187128731    1.197980809    3.137904298
    4.609609610    1.192581837    1.194632336    3.144162531
    4.624624625    1.203860987    1.188913081    3.207691835
    4.639639640    1.210684143    1.175028230    3.317295481
    4.654654655    1.206321949    1.152393778    3.462028338
    4.669669670    1.191989630    1.121998528    3.636772018
    4.684684685    1.178169420    1.091606016    3.849170917
    4.699699700    1.172944481    1.072403234    4.112685197
    4.714714715    1.173232195    1.068018022    4.429732854
    4.729729730    1.171879030    1.071901913    4.786976219
    4.744744745    1.165993017    1.073690083    5.163309329
    4.759759760    1.155563362    1.067700259    5.549799096
    4.774774775    1.139954735    1.055164813    5.966232370
    4.789789790    1.122372247    1.042611166    6.442724791
    4.804804805    1.113089473    1.038468499    6.993381725
    4.819819820    1.119724068    1.044760545    7.622503637
    4.834834835    1.139686817    1.055235157    8.347303489
    4.849849850    1.162581968    1.063685305    9.184576891
    4.864864865    1.179340807    1.069498176   10.135152239
    4.879879880    1.190717070    1.075639104   11.176009652
    4.894894895    1.202272094    1.084376179   12.256306389
    4.909909910    1.216437542    1.096345392   13.315382927
    4.924924925    1.232931113    1.112238848   14.277844163
    4.939939940    1.248113606    1.131232906   15.065108969
    4.954954955    1.252120798    1.145312958   15.606856597
    4.969969970    1.238229872    1.143103173   15.827417954
    4.984984985    1.211347378    1.122273606   15.655296742
    5.000000000    1.178400397    1.089106642   15.050670272
    5.015015015    1.144214510    1.051040996   14.095655937
    5.030030030    1.111704968    1.012170731   13.006403283
    5.045045045    1.079127963    0.971351879   11.962905057
    5.060060060    1.043249723    0.926830720   11.036434462
    5.075075075    1.002489127    0.878499357   10.240731051
    5.090090090    0.961005172    0.829149127    9.577622522
    5.105105105    0.928272134    0.785612055    9.046247903
    5.120120120    0.910350665    0.753441082    8.626015597
    5.135135135    0.902062454    0.731827292    8.287723909
    5.150150150    0.892683323    0.716362248    8.017402822
    5.165165165    0.878339197    0.704935481    7.803629150
    5.180180180    0.863645668    0.698080591    7.621078267
    5.195195195    0.856900881    0.698140382    7.444206463
    5.210210210    0.862211531    0.705783538    7.244289943
    5.225225225    0.875401030    0.716409276    6.981759266
    5.240240240    0.890578272    0.724671575    6.643028625
    5.255255255    0.905546828    0.729173148    6.255764290
    5.270270270    0.920552276    0.730732557    5.853873611
    5.285285285    0.932822456    0.729886383    5.458213012
    5.300300300    0.939027066    0.727056501    5.084563682
    5.315315315    0.941576932    0.722825207    4.747333048
    5.330330330    0.944911983    0.718489506    4.454509495
    5.345345345    0.952743801    0.716068573    4.199199817
    5.360360360    0.967366809    0.718379105    3.968669698
    5.375375375    0.987892482    0.727733620    3.766297385
    5.390390390    1.010191655    0.741932863    3.599490433
    5.405405405    1.031992267    0.757016947    3.457356024
    5.420420420    1.056876677    0.772637477    3.320822488
    5.435435435    1.087496478    0.789527446    3.183888612
    5.450450450    1.120530957    0.805686153    3.052823373
    5.465465465    1.149583939    0.819556642    2.930584765
    5.480480480    1.173280111    0.833555452    2.814311312
    5.495495495    1.197805878    0.851809163    2.711316598
    5.510510511    1.229403698    0.875380660    2.642773297
    5.525525526    1.272187236    0.903373334    2.624121555
    5.540540541    1.332873992    0.936392616    2.648725279
    5.555555556    1.414424930    0.972812935    2.692421672
    5.570570571    1.510199409    1.007034131    2.730406392
    5.585585586    1.608627561    1.035656591    2.745471030
    5.600600601    1.695791915    1.057861166    2.730709786
    5.615615616    1.759540136    1.074948446    2.692706802
    5.630630631    1.786095291    1.090255445    2.651681178
    5.645645646    1.771031350    1.108852029    2.631060489
    5.660660661    1.730257274    1.134674201    2.640858720
    5.675675676    1.680457282    1.165126539    2.673076511
    5.690690691    1.628222655    1.195313448    2.714553264
    5.705705706    1.582285268    1.228058457    2.761738389
    5.720720721    1.554139947    1.269192053    2.823697654
    5.735735736    1.541713980    1.311203540    2.903374916
    5.750750751    1.532024195    1.336295412    2.983514330
    5.765765766    1.518901706    1.336733532    3.043240021
    5.780780781    1.504197412    1.320266604    3.076126695
    5.795795796    1.490398742    1.299389437    3.079637616
    5.810810811    1.476647632    1.279324323    3.040795276
    5.825825826    1.458487305    1.261352361    2.943580513
    5.840840841    1.430465265    1.247482487    2.786946103
    5.855855856    1.392851270    1.236619533    2.594038395
    5.870870871    1.354589614    1.225902380    2.399669063
    5.885885886    1.322479776    1.211729215    2.230206015
    5.900900901    1.296990300    1.194151383    2.092010545
    5.915915916    1.278534522    1.179819054    1.979921376
    5.930930931    1.266507431    1.173877910    1.893592428
    5.945945946    1.255957190    1.174053229    1.836979615
    5.960960961    1.241629247    1.176508727    1.803898336
    5.975975976    1.224102934    1.181184623    1.777551577
    5.990990991    1.208764052    1.188568086    1.748808366
    6.006006006    1.198761342    1.195888775    1.726296287
    6.021021021    1.192894660    1.197713230    1.724262738
    6.036036036    1.188919284    1.190228019    1.743414258
    6.051051051    1.185247209    1.174476567    1.770700788
    6.066066066    1.180331861    1.154310495    1.794147591
    6.081081081    1.172029389    1.131808317    1.810836932
    6.096096096    1.157959889    1.105973826    1.818227274
    6.111111111    1.136838856    1.074247522    1.803263877
    6.126126126    1.110506524    1.037637682    1.755910564
    6.141141141    1.084416275    1.003016180    1.684971702
    6.156156156    1.061900902    0.975359046    1.601249178
    6.171171171    1.039164476    0.951821091    1.503467041
    6.186186186    1.010351922    0.927039052    1.388498094
    6.201201201    0.976031360    0.900358752    1.262344594
    6.216216216    0.942395715    0.875372641    1.139168217
    6.231231231    0.912136246    0.853744970    1.032914847
    6.246246246    0.883776564    0.833918744    0.949832472
    6.261261261    0.856150921    0.812867427    0.890318300
    6.276276276    0.826709682    0.785703254    0.851370268
    6.291291291    0.795229893    0.752411975    0.826631744
    6.306306306    0.765840172    0.719182793    0.810493366
    6.321321321    0.739472120    0.688633118    0.801057094
    6.336336336    0.712241727    0.658852898    0.796938827
    6.351351351    0.682145028    0.629441664    0.794916780
    6.366366366    0.650934243    0.602444958    0.792577283
    6.381381381    0.621188217    0.580057689    0.788621557
    6.396396396    0.596312717    0.564173497    0.782130553
    6.411411411    0.579122999    0.555285468    0.772822251
    6.426426426    0.569353189    0.551896510    0.761267426
    6.441441441    0.564726974    0.551932241    0.748256317
    6.456456456    0.564340496    0.554649759    0.736760136
    6.471471471    0.568675768    0.559929001    0.731597091
    6.486486486    0.578243408    0.568485935    0.732373297
    6.501501502    0.592412106    0.581893624    0.736121949
    6.516516517    0.609587814    0.602202786    0.744697125
    6.531531532    0.628890545    0.631665199    0.760860494
    6.546546547    0.650302236    0.669830956    0.783941647
    6.561561562    0.672621022    0.711207509    0.813205486
    6.576576577    0.692883207    0.748168370    0.848137180
    6.591591592    0.710833596    0.778895455    0.885043868
    6.606606607    0.728559179    0.807781462    0.915695395
    6.621621622    0.744283289    0.834839545    0.932361503
    6.636636637    0.756162948    0.855680147    0.933466483
    6.651651652    0.766288014    0.870363918    0.928125386
    6.666666667    0.776804602    0.883930817    0.927355971
    6.681681682    0.788989048    0.900622239    0.932711139
    6.696696697    0.803149933    0.919409238    0.941873944
    6.711711712    0.818607312    0.937641105    0.954106292
    6.726726727    0.834583443    0.956603997    0.968253782
    6.741741742    0.850941214    0.979534404    0.984471261
    6.756756757    0.866527751    1.005096182    1.003537311
    6.771771772    0.879519776    1.027605702    1.022246892
    6.786786787    0.889288384    1.042322218    1.035677280
    6.801801802    0.892445746    1.046609515    1.040446374
    6.816816817    0.885413776    1.043246734    1.036163383
    6.831831832    0.873164125    1.043400251    1.028556474
    6.846846847    0.862878080    1.054338158    1.026953633
    6.861861862    0.853870459    1.071169452    1.034775961
    6.876876877    0.840975493    1.084056929    1.048802259
    6.891891892    0.821315309    1.085077033    1.066272454
    6.906906907    0.797664899    1.072679754    1.087068514
    6.921921922    0.774972624    1.052168422    1.108427122
    6.936936937    0.756168443    1.030797364    1.122757763
    6.951951952    0.744411043    1.014227880    1.124604645
    6.966966967    0.740379146    1.003526239    1.117795953
    6.981981982    0.740087113    0.996508297    1.109345724
    6.996996997    0.739746584    0.989062211    1.105311943
    7.012012012    0.738274683    0.977311157    1.111749074
    7.027027027    0.736887423    0.962598631    1.129056416
    7.042042042    0.736345619    0.948220694    1.150243522
    7.057057057    0.735700798    0.934423211    1.168036822
    7.072072072    0.735805633    0.922189959    1.180047439
    7.087087087    0.740250689    0.916014974    1.187766694
    7.102102102    0.750990094    0.918287091    1.194259810
    7.117117117    0.766787928    0.926386258    1.203345317
    7.132132132    0.784342250    0.936092306    1.217223724
    7.147147147    0.799007730    0.942628721    1.235300194
    7.162162162    0.810938719    0.945310642    1.255726098
    7.177177177    0.826055886    0.950848349    1.276376413
    7.192192192    0.845562544    0.964136278    1.296250993
    7.207207207    0.864548212    0.980580155    1.316801452
    7.222222222    0.879711397    0.993556704    1.339938604
    7.237237237    0.888575702    0.999866207    1.364972057
    7.252252252    0.887387947    0.996955004    1.385454316
    7.267267267    0.878314377    0.987459426    1.391372437
    7.282282282    0.867221656    0.978050046    1.378389736
    7.297297297    0.855131157    0.969664595    1.352595947
    7.312312312    0.840855152    0.957175164    1.322772735
    7.327327327    0.828041706    0.939693968    1.293118049
    7.342342342    0.820179046    0.922400340    1.266041142
    7.357357357    0.814327230    0.909056973    1.244366730
    7.372372372    0.804287090    0.896822803    1.225836236
    7.387387387    0.786032280    0.878643052    1.204978112
    7.402402402    0.761936662    0.854504007    1.178817979
    7.417417417    0.738590886    0.832658776    1.148753818
    7.432432432    0.722322475    0.819056399    1.117234996
    7.447447447    0.716461829    0.814163252    1.083979555
    7.462462462    0.718646399    0.814146568    1.046888396
    7.477477477    0.721313451    0.812775256    1.005514415
    7.492492492    0.719039804    0.806768721    0.962875877
    7.507507508    0.714783302    0.797321221    0.922396727
    7.522522523    0.714026462    0.786487897    0.885534512
    7.537537538    0.717230967    0.776107874    0.854114612
    7.552552553    0.720850948    0.768860703    0.830026675
    7.567567568    0.722763872    0.766585149    0.812421450
    7.582582583    0.723516217    0.768094960    0.798203007
    7.597597598    0.722927608    0.770651820    0.786014488
    7.612612613    0.720152173    0.771235713    0.777870453
    7.627627628    0.716178461    0.766714218    0.774254693
    7.642642643    0.714045219    0.758066339    0.772747614
    7.657657658    0.717205591    0.751845215    0.771477291
    7.672672673    0.727058419    0.753254765    0.770428644
    7.687687688    0.743373101    0.762113950    0.769314432
    7.702702703    0.765472336    0.775354606    0.765599400
    7.717717718    0.790408648    0.791055148    0.756329419
    7.732732733    0.810212457    0.806201137    0.743136479
    7.747747748    0.815357010    0.816269306    0.731358360
    7.762762763    0.805125577    0.820860715    0.724312640
    7.777777778    0.788942797    0.824836064    0.722133041
    7.792792793    0.778168930    0.834836928    0.722318844
    7.807807808    0.777555741    0.853831259    0.722789062
    7.822822823    0.782656412    0.877573357    0.725294536
    7.837837838    0.787089064    0.898784276    0.732052406
    7.852852853    0.789232472    0.915568163    0.742196152
    7.867867868    0.789221394    0.930776867    0.754291062
    7.882882883    0.784583865    0.945412650    0.767711313
    7.897897898    0.774232322    0.958247682    0.780931846
    7.912912913    0.762092577    0.968025575    0.792307877
    7.927927928    0.753114454    0.974183170    0.802524934
    7.942942943    0.748864125    0.977026956    0.812518157
    7.957957958    0.747664569    0.977501083    0.819938689
    7.972972973    0.748721861    0.977058441    0.823833231
    7.987987988    0.751000594    0.975054280    0.827304023
    8.003003003    0.751385849    0.971126943    0.832982426
    8.018018018    0.747441716    0.967733398    0.841946873
    8.033033033    0.738850658    0.964226216    0.853996073
    8.048048048    0.726355606    0.957550018    0.867665252
    8.063063063    0.712050394    0.948290151    0.882811742
    8.078078078    0.699029617    0.937906351    0.899302744
    8.093093093    0.690074791    0.928184559    0.915554200
    8.108108108    0.686996528    0.921591592    0.933036980
    8.123123123    0.690591044    0.917768671    0.954036195
    8.138138138    0.699459890    0.915630716    0.973618746
    8.153153153    0.708684260    0.914721499    0.983506041
    8.168168168    0.712704034    0.910252787    0.980610437
    8.183183183    0.710751360    0.897362668    0.966073758
    8.198198198    0.704147728    0.875462607    0.944185973
    8.213213213    0.692653644    0.845513151    0.920572651
    8.228228228    0.677752982    0.811230548    0.897284710
    8.243243243    0.662905182    0.776863269    0.874345802
    8.258258258    0.652831273    0.746117704    0.852178044
    8.273273273    0.651576241    0.723230963    0.829588934
    8.288288288    0.658236971    0.708343176    0.806222421
    8.303303303    0.668448169    0.697848703    0.784412798
    8.318318318    0.678525342    0.690525653    0.764969338
    8.333333333    0.686651708    0.687771913    0.746503060
    8.348348348    0.693831358    0.689065278    0.727397619
    8.363363363    0.702033154    0.690331838    0.707186527
    8.378378378    0.710956673    0.687130404    0.688023255
    8.393393393    0.719117737    0.679190537    0.672664947
    8.408408408    0.725246962    0.668194698    0.662518282
    8.423423423    0.730839827    0.653985287    0.656868373
    8.438438438    0.738455675    0.637214785    0.654631202
    8.453453453    0.744196749    0.619939129    0.655934690
    8.468468468    0.741562853    0.604707298    0.659608083
    8.483483483    0.730005131    0.593888382    0.663003467
    8.498498498    0.711585844    0.586776937    0.666637660
    8.513513514    0.689019124    0.581413012    0.672963479
    8.528528529    0.665715571    0.577428101    0.681639614
    8.543543544    0.643994311    0.575202645    0.689417807
    8.558558559    0.624582813    0.574376822    0.693409759
    8.573573574    0.607533724    0.573737361    0.694453440
    8.588588589    0.593101005    0.572425305    0.695236328
    8.603603604    0.580604239    0.570233652    0.697799637
    8.618618619    0.568059174    0.566387128    0.703026822
    8.633633634    0.554227317    0.559289847    0.710307821
    8.648648649    0.539553354    0.548782795    0.719118278
    8.663663664    0.524692431    0.535410713    0.729709513
    8.678678679    0.509711446    0.519300901    0.740728160
    8.693693694    0.494211003    0.502297892    0.749568346
    8.708708709    0.479064534    0.487621894    0.754736047
    8.723723724    0.466524975    0.477512851    0.756275656
    8.738738739    0.458814684    0.472953063    0.755790969
    8.753753754    0.456151605    0.472998539    0.754571692
    8.768768769    0.454943259    0.474386483    0.753516022
    8.783783784    0.451658992    0.473747887    0.755030928
    8.798798799    0.447067241    0.470374884    0.761314832
    8.813813814    0.443282702    0.465531688    0.773205455
    8.828828829    0.441151544    0.460830986    0.789583332
    8.843843844    0.441409105    0.458274835    0.807188422
    8.858858859    0.443225038    0.458317831    0.822308355
    8.873873874    0.444274460    0.458442194    0.831209887
    8.888888889    0.444519319    0.456917370    0.827829545
    8.903903904    0.444521611    0.454037245    0.807305453
    8.918918919    0.443293078    0.450564244    0.772959101
    8.933933934    0.441388979    0.447634702    0.732898151
    8.948948949    0.441243965    0.446815744    0.694425041
    8.963963964    0.444620927    0.449613189    0.664056340
    8.978978979    0.452451454    0.456162454    0.645685643
    8.993993994    0.463602639    0.464471186    0.638316862
    9.009009009    0.473585441    0.471607812    0.638496812
    9.024024024    0.476809593    0.474814356    0.642566716
    9.039039039    0.470735077    0.471685416    0.645228867
    9.054054054    0.458439579    0.463169577    0.641240823
    9.069069069    0.446005427    0.454126060    0.628566042
    9.084084084    0.437114647    0.448529125    0.609878065
    9.099099099    0.431908680    0.446787556    0.589300402
    9.114114114    0.429192668    0.447171663    0.567842215
    9.129129129    0.428567978    0.449012004    0.545421185
    9.144144144    0.430369476    0.453050455    0.523258273
    9.159159159    0.435635365    0.459534327    0.503070549
    9.174174174    0.444928211    0.467448946    0.485429489
    9.189189189    0.457254654    0.475597081    0.469206896
    9.204204204    0.470819730    0.483411674    0.454702707
    9.219219219    0.484189395    0.490320124    0.444190609
    9.234234234    0.496223588    0.495550926    0.438111604
    9.249249249    0.504831574    0.498418669    0.434082793
    9.264264264    0.507613197    0.497927210    0.428880277
    9.279279279    0.504932888    0.494292867    0.420779015
    9.294294294    0.499778983    0.489653311    0.409777871
    9.309309309    0.493601003    0.484944001    0.397392080
    9.324324324    0.485366271    0.479085417    0.386060958
    9.339339339    0.473752289    0.470649938    0.376897518
    9.354354354    0.459101649    0.458921540    0.369255551
    9.369369369    0.444225269    0.445332854    0.362305886
    9.384384384    0.431888573    0.432852226    0.356062514
    9.399399399    0.422648454    0.423272831    0.350533008
    9.414414414    0.415389366    0.416381624    0.344592540
    9.429429429    0.409147693    0.411342819    0.338632601
    9.444444444    0.403882346    0.408075831    0.335173051
    9.459459459    0.399675848    0.407388741    0.335481895
    9.474474474    0.396760994    0.410164367    0.338233564
    9.489489489    0.394836117    0.415558478    0.341183129
    9.504504505    0.392987372    0.421274178    0.343156721
    9.519519520    0.391282316    0.425847778    0.344238126
    9.534534535    0.390537702    0.429087491    0.344394955
    9.549549550    0.390740545    0.430950632    0.342921340
    9.564564565    0.390698855    0.430607844    0.339594571
    9.579579580    0.389275099    0.427219887    0.335022256
    9.594594595    0.386714480    0.421205537    0.329945267
    9.609609610    0.384555242    0.414373978    0.325193324
    9.624624625    0.383879998    0.408648224    0.321396150
    9.639639640    0.384291397    0.404799221    0.318511826
    9.654654655    0.384314391    0.402538900    0.315796922
    9.669669670    0.382059899    0.400963163    0.312518623
    9.684684685    0.377586515    0.399479813    0.308585581
    9.699699700    0.373315873    0.398778110    0.304340536
    9.714714715    0.370977048    0.399703310    0.299897014
    9.729729730    0.370953010    0.401770190    0.294967635
    9.744744745    0.372600652    0.403864349    0.290006153
    9.759759760    0.373866944    0.404815855    0.286283291
    9.774774775    0.372890687    0.403810464    0.284154865
    9.789789790    0.369401387    0.400906485    0.282917901
    9.804804805    0.364823772    0.396708834    0.281798835
    9.819819820    0.360562152    0.391893219    0.280250560
    9.834834835    0.356230182    0.386507601    0.278089188
    9.849849850    0.350702886    0.379827671    0.275559311
    9.864864865    0.344574106    0.371951701    0.272959910
    9.879879880    0.339329829    0.363967124    0.270227431
    9.894894895    0.334879641    0.356497269    0.266879708
    9.909909910    0.330084854    0.349595851    0.262583581
    9.924924925    0.324927870    0.343793987    0.257998274
    9.939939940    0.320371190    0.339913621    0.254211382
    9.954954955    0.316597774    0.337656826    0.252031935
    9.969969970    0.313107867    0.335647159    0.251930979
    9.984984985    0.309968250    0.332950847    0.254094299
   10.000000000    0.307653748    0.329536402    0.258165532
   10.015015015    0.306620005    0.325919694    0.263061536
   10.030030030    0.306545190    0.322851836    0.267001555
   10.045045045    0.305437440    0.320406613    0.268606159
   10.060060060    0.301521120    0.317569706    0.267753297
   10.075075075    0.295751095    0.313734041    0.264738793
   10.090090090    0.290221116    0.309486975    0.260231593
   10.105105105    0.285841018    0.305873692    0.255560090
   10.120120120    0.282633881    0.303778486    0.251865680
   10.135135135    0.280369963    0.303178582    0.248769007
   10.150150150    0.278525949    0.302962476    0.245069245
   10.165165165    0.276618581    0.301984613    0.241307420
   10.180180180    0.274761894    0.300038470    0.239175841
   10.195195195    0.273178934    0.297674855    0.238838801
   10.210210210    0.271754889    0.295819931    0.239010823
   10.225225225    0.270213871    0.295137394    0.238363952
   10.240240240    0.268466030    0.295766243    0.236153508
   10.255255255    0.266461919    0.297418932    0.232433967
   10.270270270    0.263873253    0.299406963    0.227672967
   10.285285285    0.260619254    0.300890917    0.222507926
   10.300300300    0.257427804    0.301609955    0.217801380
   10.315315315    0.255188181    0.302005115    0.214223184
   10.330330330    0.254109948    0.302318031    0.211986609
   10.345345345    0.254043624    0.302576819    0.210921076
   10.360360360    0.254854353    0.302549228    0.210243046
   10.375375375    0.255765155    0.300968528    0.209026299
   10.390390390    0.255834843    0.296871038    0.207221976
   10.405405405    0.254990803    0.291459445    0.205425613
   10.420420420    0.254044081    0.287241155    0.203765419
   10.435435435    0.253602420    0.285329943    0.202071009
   10.450450450    0.253471430    0.284516362    0.200373354
   10.465465465    0.253301147    0.283250743    0.198772459
   10.480480480    0.252821652    0.281667337    0.197145055
   10.495495495    0.252125184    0.280938339    0.195144462
   10.510510511    0.251127778    0.280670884    0.192887843
   10.525525526    0.249568976    0.279027257    0.191107627
   10.540540541    0.247739050    0.275209129    0.190305593
   10.555555556    0.246452380    0.270354864    0.190440109
   10.570570571    0.246478474    0.266441737    0.191149842
   10.585585586    0.247760928    0.264786567    0.191861974
   10.600600601    0.249020267    0.265169487    0.191803527
   10.615615616    0.248453828    0.266208086    0.190629653
   10.630630631    0.245347688    0.266273682    0.188798333
   10.645645646    0.240600186    0.264718192    0.186683312
   10.660660661    0.235659101    0.261796900    0.184518734
   10.675675676    0.231987055    0.257920569    0.182656438
   10.690690691    0.230317833    0.253804644    0.181189320
   10.705705706    0.230086483    0.250596888    0.180079925
   10.720720721    0.230087321    0.248966257    0.179754423
   10.735735736    0.229327657    0.248329123    0.180607912
   10.750750751    0.227001070    0.247112722    0.182167799
   10.765765766    0.223216683    0.244550305    0.183567830
   10.780780781    0.219015533    0.240989590    0.184289250
   10.795795796    0.215304589    0.236845974    0.184504598
   10.810810811    0.213064901    0.233104567    0.184764929
   10.825825826    0.212464096    0.230981603    0.185293731
   10.840840841    0.212584450    0.230595648    0.185559362
   10.855855856    0.212884106    0.231056319    0.185096412
   10.870870871    0.213105282    0.231477551    0.184343102
   10.885885886    0.212508450    0.231158559    0.183691636
   10.900900901    0.210682660    0.229386805    0.182966002
   10.915915916    0.208497631    0.226453502    0.182340831
   10.930930931    0.207221855    0.223864516    0.182360487
   10.945945946    0.206856445    0.222413720    0.183230839
   10.960960961    0.206303325    0.221322115    0.184654166
   10.975975976    0.205121459    0.219780392    0.185881122
   10.990990991    0.203926970    0.217944181    0.186427886
   11.006006006    0.203606381    0.216422850    0.186636709
   11.021021021    0.204341283    0.215501284    0.186979743
   11.036036036    0.205106303    0.215059093    0.187451963
   11.051051051    0.204922303    0.214845059    0.187804675
   11.066066066    0.204047284    0.214481924    0.188134971
   11.081081081    0.203397630    0.213995373    0.188513416
   11.096096096    0.203202564    0.213646380    0.188664989
   11.111111111    0.202667357    0.212987857    0.188703232
   11.126126126    0.201400098    0.211392831    0.189068366
   11.141141141    0.199764222    0.208851960    0.189894551
   11.156156156    0.198070598    0.205970015    0.191012400
   11.171171171    0.196796620    0.203455380    0.192739731
   11.186186186    0.196508929    0.201569168    0.195789199
   11.201201201    0.197296445    0.200222089    0.200062534
   11.216216216    0.199133524    0.199351546    0.204621896
   11.231231231    0.202259671    0.198921663    0.208988304
   11.246246246    0.206544189    0.198985857    0.213749064
   11.261261261    0.210827641    0.199708711    0.219666309
   11.276276276    0.213836065    0.200992668    0.226470799
   11.291291291    0.215013806    0.202244547    0.233214797
   11.306306306    0.214141765    0.202994383    0.239568456
   11.321321321    0.211385817    0.203219766    0.245822255
   11.336336336    0.207718370    0.203291996    0.252411810
   11.351351351    0.204763279    0.203775355    0.259454704
   11.366366366    0.203898109    0.204709840    0.265981998
   11.381381381    0.205593259    0.205673950    0.271408212
   11.396396396    0.209695301    0.206829947    0.276955199
   11.411411411    0.215152645    0.208630267    0.283527839
   11.426426426    0.220341217    0.211070052    0.290019118
   11.441441441    0.224496974    0.213940629    0.294363216
   11.456456456    0.227605910    0.216919420    0.295463086
   11.471471471    0.229720814    0.219497859    0.294393280
   11.486486486    0.231029562    0.221322542    0.292879671
   11.501501502    0.232067572    0.222487156    0.290841089
   11.516516517    0.233250458    0.223057560    0.286599431
   11.531531532    0.234061405    0.222880262    0.279410024
   11.546546547    0.233560409    0.222040562    0.271110548
   11.561561562    0.231789817    0.220915211    0.263384947
   11.576576577    0.229385348    0.219467169    0.255653817
   11.591591592    0.226725384    0.217599722    0.246853462
   11.606606607    0.223731130    0.215517526    0.237502890
   11.621621622    0.220363072    0.213200425    0.229280802
   11.636636637    0.216849996    0.210569641    0.223145189
   11.651651652    0.212923019    0.207636620    0.218359126
   11.666666667    0.207840545    0.204164438    0.213386019
   11.681681682    0.201656081    0.200192324    0.207967415
   11.696696697    0.195858631    0.196700083    0.203478988
   11.711711712    0.192330543    0.194980690    0.200898595
   11.726726727    0.191804176    0.195533898    0.199955167
   11.741741742    0.193005575    0.197382859    0.200021341
   11.756756757    0.193534637    0.198677642    0.200777403
   11.771771772    0.192025250    0.198360766    0.202329217
   11.786786787    0.189197456    0.196984153    0.204833223
   11.801801802    0.186722765    0.195544896    0.208101195
   11.816816817    0.185670678    0.194712634    0.211615334
   11.831831832    0.185991970    0.194892984    0.214605485
   11.846846847    0.186771554    0.196148510    0.216638397
   11.861861862    0.187015605    0.197879566    0.217945260
   11.876876877    0.186232154    0.198981702    0.218870976
   11.891891892    0.184532523    0.199040310    0.219713508
   11.906906907    0.182721406    0.198845693    0.221066754
   11.921921922    0.181740729    0.199285517    0.223295750
   11.936936937    0.181787594    0.200268515    0.225999540
   11.951951952    0.182719366    0.201227604    0.228385697
   11.966966967    0.184628670    0.201988545    0.230031350
   11.981981982    0.187504452    0.202696226    0.231123082
   11.996996997    0.190701901    0.203139573    0.231986827
   12.012012012    0.193212770    0.203120114    0.232716092
   12.027027027    0.194630691    0.203075526    0.233319780
   12.042042042    0.195524576    0.203568801    0.233556766
   12.057057057    0.196492780    0.204512034    0.232961552
   12.072072072    0.197534825    0.205372021    0.231576960
   12.087087087    0.198015456    0.205451969    0.229622829
   12.102102102    0.197288473    0.204361187    0.226650362
   12.117117117    0.195454167    0.202453439    0.222091876
   12.132132132    0.192738840    0.199876149    0.216442660
   12.147147147    0.188941316    0.196116751    0.210661536
   12.162162162    0.183945238    0.190940468    0.205345148
   12.177177177    0.178367108    0.184965240    0.200939677
   12.192192192    0.173071986    0.179006193    0.197807900
   12.207207207    0.168382229    0.173471899    0.195815075
   12.222222222    0.164281246    0.168395254    0.194281311
   12.237237237    0.160935292    0.163706179    0.192396816
   12.252252252    0.158399810    0.159348219    0.189746004
   12.267267267    0.156447511    0.155414791    0.186691895
   12.282282282    0.154666289    0.151985722    0.184097866
   12.297297297    0.152547184    0.149083265    0.182244569
   12.312312312    0.149770164    0.146812856    0.180668437
   12.327327327    0.146489536    0.145255169    0.178545391
   12.342342342    0.143126665    0.144269539    0.175445088
   12.357357357    0.139941613    0.143591200    0.172145812
   12.372372372    0.137233797    0.143078604    0.169806550
   12.387387387    0.135493730    0.142630156    0.168770071
   12.402402402    0.135008909    0.142094131    0.168608096
   12.417417417    0.135506769    0.141370734    0.168868667
   12.432432432    0.136443542    0.140486261    0.169471796
   12.447447447    0.137484429    0.139557421    0.170445577
   12.462462462    0.138605732    0.138782108    0.171826858
   12.477477477    0.139820425    0.138496880    0.173519427
   12.492492492    0.140927688    0.138841983    0.175118138
   12.507507508    0.141695889    0.139470828    0.176193916
   12.522522523    0.141999216    0.139736920    0.176961673
   12.537537538    0.141743836    0.139118498    0.178193642
   12.552552553    0.140820525    0.137636033    0.180306617
   12.567567568    0.139128760    0.135563492    0.183208843
   12.582582583    0.136744639    0.133088339    0.186642188
   12.597597598    0.134161449    0.130497146    0.189859318
   12.612612613    0.132036497    0.128246648    0.191747524
   12.627627628    0.130743192    0.126797960    0.192074965
   12.642642643    0.130195547    0.126440480    0.191887362
   12.657657658    0.129915168    0.127006353    0.192018690
   12.672672673    0.129406509    0.127638992    0.192223812
   12.687687688    0.128544868    0.127470983    0.191815779
   12.702702703    0.127536875    0.126390138    0.190466134
   12.717717718    0.126647049    0.125131251    0.188629306
   12.732732733    0.125907484    0.124576118    0.186739472
   12.747747748    0.125068093    0.124833614    0.184734230
   12.762762763    0.123742311    0.125187152    0.182739524
   12.777777778    0.121797316    0.124864968    0.181273427
   12.792792793    0.119501974    0.123688795    0.180561513
   12.807807808    0.117249842    0.122097483    0.180207553
   12.822822823    0.115422037    0.120751777    0.179231653
   12.837837838    0.114152080    0.119913002    0.176703609
   12.852852853    0.113371354    0.119317727    0.172640482
   12.867867868    0.113154410    0.118751813    0.167995170
   12.882882883    0.113615392    0.118388395    0.163822763
   12.897897898    0.114527234    0.118412797    0.160754263
   12.912912913    0.115198060    0.118603938    0.158912034
   12.927927928    0.115028891    0.118565069    0.157719425
   12.942942943    0.114126469    0.118197706    0.156492890
   12.957957958    0.112895766    0.117493925    0.155487450
   12.972972973    0.111599240    0.116355915    0.155292580
   12.987987988    0.110495672    0.115100202    0.155530193
   13.003003003    0.109668257    0.114233559    0.155051111
   13.018018018    0.108785619    0.113710494    0.153304146
   13.033033033    0.107399054    0.113019756    0.151000256
   13.048048048    0.105656728    0.112000801    0.149062559
   13.063063063    0.104215481    0.110959383    0.147599022
   13.078078078    0.103471817    0.110189238    0.146287671
   13.093093093    0.103248125    0.109713564    0.145114404
   13.108108108    0.103048134    0.109462012    0.144111207
   13.123123123    0.102688086    0.109598961    0.142924222
   13.138138138    0.102395519    0.110190888    0.141170398
   13.153153153    0.102369374    0.110765585    0.138995433
   13.168168168    0.102679621    0.110854930    0.136995294
   13.183183183    0.103057574    0.110453168    0.135351940
   13.198198198    0.102904152    0.109644852    0.133469642
   13.213213213    0.102189949    0.108475726    0.130932044
   13.228228228    0.101590740    0.107217869    0.128209221
   13.243243243    0.101544403    0.106378294    0.125944274
   13.258258258    0.101939845    0.106245416    0.124499963
   13.273273273    0.102390738    0.106616041    0.123976962
   13.288288288    0.102499933    0.107051887    0.124178344
   13.303303303    0.102304498    0.107251633    0.124922008
   13.318318318    0.102003120    0.107071998    0.126330254
   13.333333333    0.101427679    0.106522238    0.128630970
   13.348348348    0.100445990    0.105823135    0.131915559
   13.363363363    0.099350334    0.105134272    0.136293105
   13.378378378    0.098531671    0.104365502    0.141812638
   13.393393393    0.098128563    0.103540185    0.148415939
   13.408408408    0.097957184    0.102793711    0.156001781
   13.423423423    0.097814818    0.102185340    0.164305252
   13.438438438    0.097662144    0.101776586    0.173303683
   13.453453453    0.097436863    0.101560336    0.182968102
   13.468468468    0.097192951    0.101488393    0.192577097
   13.483483483    0.096882541    0.101397453    0.200591769
   13.498498498    0.096176730    0.101066212    0.205231241
   13.513513514    0.094963930    0.100449529    0.206011689
   13.528528529    0.093353132    0.099421620    0.204601545
   13.543543544    0.091526970    0.097898472    0.203204187
   13.558558559    0.089962379    0.096468299    0.202805594
   13.573573574    0.089092600    0.095783675    0.203148451
   13.588588589    0.088847682    0.095715393    0.203236616
   13.603603604    0.088895538    0.095840285    0.202158389
   13.618618619    0.088825298    0.095850574    0.199909507
   13.633633634    0.088295889    0.095579315    0.196832509
   13.648648649    0.087270538    0.094971331    0.193117281
   13.663663664    0.085697225    0.093827332    0.188771494
   13.678678679    0.083440372    0.092014212    0.183530923
   13.693693694    0.080674847    0.089843367    0.177086093
   13.708708709    0.078025998    0.087926580    0.169383705
   13.723723724    0.076103380    0.086671532    0.160998296
   13.738738739    0.075049753    0.086046287    0.152949992
   13.753753754    0.074649758    0.085794435    0.145763123
   13.768768769    0.074627176    0.085795351    0.139274383
   13.783783784    0.074744673    0.086014013    0.133338791
   13.798798799    0.074794019    0.086223496    0.128064816
   13.813813814    0.074652966    0.086276499    0.123404776
   13.828828829    0.074135372    0.086158628    0.118974426
   13.843843844    0.072984821    0.085705688    0.114547903
   13.858858859    0.071188557    0.084715365    0.110280909
   13.873873874    0.069186450    0.083398440    0.106252288
   13.888888889    0.067557052    0.082334263    0.102216032
   13.903903904    0.066446687    0.081662808    0.097970319
   13.918918919    0.065610035    0.080964321    0.093711698
   13.933933934    0.064961112    0.080206521    0.089700191
   13.948948949    0.064743212    0.080010477    0.085890677
   13.963963964    0.065109957    0.080681951    0.082099431
   13.978978979    0.065815677    0.081840016    0.078394649
   13.993993994    0.066452620    0.082947795    0.075165066
   14.009009009    0.066682253    0.083396547    0.072715181
   14.024024024    0.066246287    0.082687605    0.070981481
   14.039039039    0.065061542    0.080870035    0.069657881
   14.054054054    0.063353201    0.078603637    0.068401103
   14.069069069    0.061593846    0.076527886    0.066986252
   14.084084084    0.060177859    0.074734811    0.065420487
   14.099099099    0.059182355    0.073138777    0.063857247
   14.114114114    0.058492038    0.071817311    0.062430612
   14.129129129    0.058076745    0.070839553    0.061286737
   14.144144144    0.057971689    0.070117351    0.060459812
   14.159159159    0.058102715    0.069525367    0.059518959
   14.174174174    0.058340534    0.069114394    0.058051623
   14.189189189    0.058598499    0.068949256    0.056272430
   14.204204204    0.058885814    0.068902262    0.054530617
   14.219219219    0.059231002    0.068772522    0.052889642
   14.234234234    0.059522939    0.068332023    0.051367265
   14.249249249    0.059596657    0.067489102    0.050108999
   14.264264264    0.059349012    0.066402861    0.049120791
   14.279279279    0.058841328    0.065346461    0.048169664
   14.294294294    0.058312173    0.064470952    0.047050038
   14.309309309    0.058026825    0.063871513    0.045834591
   14.324324324    0.058005193    0.063552685    0.044803966
   14.339339339    0.057949844    0.063244373    0.044082340
   14.354354354    0.057564200    0.062621014    0.043508630
   14.369369369    0.056877180    0.061649055    0.042847155
   14.384384384    0.056182698    0.060626351    0.041966937
   14.399399399    0.055788134    0.059926012    0.040904229
   14.414414414    0.055821875    0.059661692    0.039792596
   14.429429429    0.056158976    0.059639065    0.038830585
   14.444444444    0.056458027    0.059524741    0.038182043
   14.459459459    0.056363711    0.058994775    0.037840723
   14.474474474    0.055845710    0.058011775    0.037654481
   14.489489489    0.055146269    0.056815836    0.037477885
   14.504504505    0.054504004    0.055705257    0.037287646
   14.519519520    0.054088825    0.054894732    0.037084649
   14.534534535    0.053975279    0.054400831    0.036861988
   14.549549550    0.054091594    0.054060965    0.036689128
   14.564564565    0.054188468    0.053645426    0.036648738
   14.579579580    0.054051578    0.053090808    0.036719222
   14.594594595    0.053834067    0.052694230    0.036777972
   14.609609610    0.053882313    0.052780715    0.036735395
   14.624624625    0.054341850    0.053303312    0.036648103
   14.639639640    0.055148600    0.053928461    0.036625142
   14.654654655    0.056160286    0.054396339    0.036791071
   14.669669670    0.057158883    0.054653919    0.037285868
   14.684684685    0.057990425    0.054808677    0.038076607
   14.699699700    0.058600564    0.054933598    0.038910587
   14.714714715    0.058696641    0.054737606    0.039541434
   14.729729730    0.057950862    0.053867125    0.039920004
   14.744744745    0.056652194    0.052541666    0.040210669
   14.759759760    0.055452576    0.051327726    0.040645217
   14.774774775    0.054747266    0.050540867    0.041255860
   14.789789790    0.054597603    0.050140468    0.041870183
   14.804804805    0.054844823    0.049972544    0.042452520
   14.819819820    0.055286569    0.049963090    0.043162418
   14.834834835    0.055979380    0.050242195    0.044021967
   14.849849850    0.057120571    0.050983925    0.044835248
   14.864864865    0.058559597    0.051991882    0.045356791
   14.879879880    0.059729677    0.052718549    0.045401122
   14.894894895    0.060210421    0.052760566    0.044936538
   14.909909910    0.060095505    0.052226739    0.044176531
   14.924924925    0.059609365    0.051476432    0.043444697
   14.939939940    0.058730060    0.050669226    0.042866682
   14.954954955    0.057412223    0.049769151    0.042402309
   14.969969970    0.055834207    0.048791603    0.042013065
   14.984984985    0.054265420    0.047870005    0.041693410
   15.000000000    0.052867944    0.047203746    0.041479166
