# energy grid [eV]     epsr_x  epsr_y  epsr_z
#
    0.000000000   11.857572609   10.500828755    3.310093673
    0.015015015   11.858583054   10.501615573    3.310134315
    0.030030030   11.861615858   10.503977106    3.310256259
    0.045045045   11.866675439   10.507916602    3.310459558
    0.060060060   11.873769180   10.513439487    3.310744300
    0.075075075   11.882907463   10.520553394    3.311110607
    0.090090090   11.894103714   10.529268192    3.311558639
    0.105105105   11.907374460   10.539596034    3.312088591
    0.120120120   11.922739408   10.551551410    3.312700693
    0.135135135   11.940221526   10.565151213    3.313395213
    0.150150150   11.959847155   10.580414819    3.314172457
    0.165165165   11.981646124   10.597364177    3.315032765
    0.180180180   12.005651893   10.616023911    3.315976518
    0.195195195   12.031901710   10.636421447    3.317004136
    0.210210210   12.060436792   10.658587140    3.318116077
    0.225225225   12.091302527   10.682554435    3.319312840
    0.240240240   12.124548705   10.708360038    3.320594967
    0.255255255   12.160229774   10.736044114    3.321963039
    0.270270270   12.198405124   10.765650502    3.323417684
    0.285285285   12.239139413   10.797226969    3.324959571
    0.300300300   12.282502929   10.830825486    3.326589417
    0.315315315   12.328571990   10.866502540    3.328307987
    0.330330330   12.377429397   10.904319490    3.330116092
    0.345345345   12.429164947   10.944342963    3.332014596
    0.360360360   12.483875998   10.986645307    3.334004413
    0.375375375   12.541668111   11.031305095    3.336086512
    0.390390390   12.602655779   11.078407708    3.338261918
    0.405405405   12.666963234   11.128045990    3.340531714
    0.420420420   12.734725380   11.180320999    3.342897043
    0.435435435   12.806088838   11.235342864    3.345359112
    0.450450450   12.881213143   11.293231770    3.347919193
    0.465465465   12.960272105   11.354119094    3.350578627
    0.480480480   13.043455373   11.418148716    3.353338828
    0.495495495   13.130970230   11.485478548    3.356201284
    0.510510511   13.223043668   11.556282304    3.359167562
    0.525525526   13.319924786   11.630751593    3.362239314
    0.540540541   13.421887587   11.709098362    3.365418278
    0.555555556   13.529234240   11.791557801    3.368706285
    0.570570571   13.642298919   11.878391792    3.372105262
    0.585585586   13.761452320   11.969893025    3.375617243
    0.600600601   13.887107032   12.066389949    3.379244366
    0.615615616   14.019723923   12.168252750    3.382988888
    0.630630631   14.159819805   12.275900597    3.386853190
    0.645645646   14.307976644   12.389810476    3.390839780
    0.660660661   14.464852711   12.510527987    3.394951310
    0.675675676   14.631196113   12.638680569    3.399190578
    0.690690691   14.807861253   12.774993670    3.403560543
    0.705705706   14.995828855   12.920310404    3.408064336
    0.720720721   15.196230240   13.075615070    3.412705269
    0.735735736   15.410376361   13.242060371    3.417486856
    0.750750751   15.639791640   13.420996626    3.422412821
    0.765765766   15.886251071   13.613997503    3.427487121
    0.780780781   16.151815169   13.822867620    3.432713963
    0.795795796   16.438847906   14.049595571    3.438097827
    0.810810811   16.749980006   14.296163700    3.443643487
    0.825825826   17.087925756   14.564001616    3.449356046
    0.840840841   17.454934502   14.852581807    3.455240956
    0.855855856   17.851380724   15.156056119    3.461304066
    0.870870871   18.272527157   15.456050590    3.467551650
    0.885885886   18.702436957   15.710369547    3.473990462
    0.900900901   19.107275667   15.851743413    3.480627784
    0.915915916   19.436548605   15.832733969    3.487471490
    0.930930931   19.625534328   15.672232276    3.494530112
    0.945945946   19.598635519   15.387737867    3.501812930
    0.960960961   19.346322021   14.997553736    3.509330058
    0.975975976   18.985308802   14.587097828    3.517092567
    0.990990991   18.748517506   14.296467858    3.525112615
    1.006006006   18.837496126   14.267815183    3.533403608
    1.021021021   19.192760321   14.488444230    3.541980387
    1.036036036   19.600279478   14.819546734    3.550859467
    1.051051051   19.929594810   15.140200635    3.560059305
    1.066066066   20.209550931   15.404833075    3.569600647
    1.081081081   20.523124229   15.639326259    3.579506929
    1.096096096   20.900195490   15.902257784    3.589804778
    1.111111111   21.207273082   16.172660523    3.600524608
    1.126126126   21.262627566   16.372027097    3.611701325
    1.141141141   21.069855250   16.496814645    3.623375129
    1.156156156   20.757060646   16.621366152    3.635592341
    1.171171171   20.422439190   16.815505877    3.648406047
    1.186186186   20.166555699   17.115184943    3.661876046
    1.201201201   20.133523804   17.539901911    3.676066773
    1.216216216   20.287316964   18.039482697    3.691040049
    1.231231231   20.423403899   18.493615495    3.706835095
    1.246246246   20.492657960   18.784797904    3.723418383
    1.261261261   20.573715702   18.853205009    3.740567780
    1.276276276   20.585150073   18.779896065    3.757645659
    1.291291291   20.344460829   18.682439272    3.773333386
    1.306306306   19.927859426   18.584240408    3.785867464
    1.321321321   19.555045900   18.535260686    3.794361668
    1.336336336   19.340324424   18.684797954    3.799870617
    1.351351351   19.357587954   19.117764976    3.804768041
    1.366366366   19.554288537   19.744839024    3.811074995
    1.381381381   19.734336498   20.394176930    3.820423557
    1.396396396   19.694897806   20.860690298    3.834688669
    1.411411411   19.290530310   20.963570012    3.853003806
    1.426426426   18.418448895   20.677881247    3.871424930
    1.441441441   17.134025942   20.153203053    3.886914915
    1.456456456   15.565435630   19.514261237    3.900542035
    1.471471471   13.832146632   18.858400389    3.915500116
    1.486486486   12.071059957   18.354363973    3.932069068
    1.501501502   10.603249502   18.185259060    3.947384455
    1.516516517    9.733067494   18.350289486    3.958556089
    1.531531532    9.301519085   18.577152477    3.965518522
    1.546546547    8.827215741   18.568445202    3.971754466
    1.561561562    7.975386417   18.232876766    3.982380391
    1.576576577    6.841295208   17.650630395    4.000619254
    1.591591592    5.786750236   16.920526098    4.024711738
    1.606606607    4.973527353   15.972457450    4.048992154
    1.621621622    4.186569976   14.618408313    4.069720944
    1.636636637    3.121201975   12.775763256    4.088807010
    1.651651652    1.568901017   10.309355331    4.109922552
    1.666666667   -0.557289151    7.117949292    4.131594354
    1.681681682   -3.004685936    3.582820713    4.149528827
    1.696696697   -5.313239636    0.217663733    4.164028023
    1.711711712   -7.155828638   -2.709958028    4.178744047
    1.726726727   -8.400780903   -5.011030456    4.195532914
    1.741741742   -9.045735243   -6.512363436    4.213350884
    1.756756757   -9.225672047   -7.298278552    4.230090116
    1.771771772   -9.142473323   -7.645653007    4.246200624
    1.786786787   -8.930656950   -7.772162477    4.262068184
    1.801801802   -8.729087585   -7.914945451    4.273454720
    1.816816817   -8.605181235   -8.172373969    4.277204220
    1.831831832   -8.490872316   -8.341095833    4.278098309
    1.846846847   -8.341166123   -8.246572714    4.282386267
    1.861861862   -8.214335404   -8.009524539    4.290255822
    1.876876877   -8.215773151   -7.867214905    4.300682944
    1.891891892   -8.365335298   -7.890371438    4.314973003
    1.906906907   -8.544608001   -7.949459247    4.332753877
    1.921921922   -8.630640791   -7.926307522    4.351239804
    1.936936937   -8.643084337   -7.864750054    4.367901835
    1.951951952   -8.629599626   -7.830878189    4.382060302
    1.966966967   -8.528646764   -7.771861416    4.392495618
    1.981981982   -8.259195337   -7.588934992    4.397714177
    1.996996997   -7.846307516   -7.275037984    4.401131356
    2.012012012   -7.375178388   -6.896432278    4.407989549
    2.027027027   -6.907477632   -6.496684394    4.420032824
    2.042042042   -6.506624563   -6.134996114    4.434912518
    2.057057057   -6.211206240   -5.881260726    4.448249102
    2.072072072   -5.978964974   -5.721006917    4.458664525
    2.087087087   -5.738947538   -5.588950513    4.471353216
    2.102102102   -5.441242835   -5.432051126    4.489958421
    2.117117117   -5.081611453   -5.225075900    4.503788031
    2.132132132   -4.723050575   -4.969942600    4.493560652
    2.147147147   -4.449104222   -4.691932643    4.451013978
    2.162162162   -4.274323478   -4.426193013    4.383043141
    2.177177177   -4.150038349   -4.183409056    4.292596590
    2.192192192   -4.061857178   -3.938846672    4.174293961
    2.207207207   -4.030656818   -3.675870825    4.026381234
    2.222222222   -4.051423403   -3.430812318    3.861507900
    2.237237237   -4.104629534   -3.260010399    3.708643729
    2.252252252   -4.202541158   -3.194085898    3.587817233
    2.267267267   -4.374066475   -3.240156287    3.496321320
    2.282282282   -4.609198646   -3.375738680    3.423270455
    2.297297297   -4.821955910   -3.522097076    3.360880071
    2.312312312   -4.910258680   -3.587208941    3.302392681
    2.327327327   -4.870492100   -3.530408488    3.240344465
    2.342342342   -4.759559808   -3.355979360    3.177439108
    2.357357357   -4.611353388   -3.104555602    3.132731532
    2.372372372   -4.417292976   -2.824466727    3.118368868
    2.387387387   -4.176195632   -2.564626973    3.123271417
    2.402402402   -3.937143511   -2.372496579    3.124031318
    2.417417417   -3.734720390   -2.240401141    3.106196040
    2.432432432   -3.570252782   -2.138028327    3.072648575
    2.447447447   -3.460384366   -2.075871085    3.034162299
    2.462462462   -3.430430757   -2.072414276    3.000775032
    2.477477477   -3.483922556   -2.110479942    2.978482013
    2.492492492   -3.612793782   -2.150509781    2.972344067
    2.507507508   -3.809149395   -2.190888665    2.978031348
    2.522522523   -4.046146289   -2.265496706    2.986067516
    2.537537538   -4.278544358   -2.402931672    2.997613912
    2.552552553   -4.467866591   -2.622323854    3.016678040
    2.567567568   -4.585802804   -2.904330800    3.039304159
    2.582582583   -4.613898078   -3.179021511    3.058613007
    2.597597598   -4.552404969   -3.377636661    3.072079438
    2.612612613   -4.432865163   -3.501125079    3.085217850
    2.627627628   -4.294031138   -3.585730643    3.103720542
    2.642642643   -4.149756067   -3.622266856    3.126309188
    2.657657658   -3.993166231   -3.582540426    3.150142865
    2.672672673   -3.819733252   -3.481072161    3.172386690
    2.687687688   -3.634307299   -3.358032869    3.188369503
    2.702702703   -3.441168098   -3.237917580    3.195658532
    2.717717718   -3.264117753   -3.137432485    3.195856608
    2.732732733   -3.151151533   -3.074703527    3.189491867
    2.747747748   -3.124806830   -3.037044825    3.178577337
    2.762762763   -3.151633662   -2.984625419    3.169809794
    2.777777778   -3.180303916   -2.893073892    3.160939017
    2.792792793   -3.184310172   -2.763014440    3.142748751
    2.807807808   -3.150324149   -2.611334125    3.117313450
    2.822822823   -3.074174581   -2.459324465    3.098039419
    2.837837838   -2.967728177   -2.324510533    3.095216042
    2.852852853   -2.860597472   -2.234442757    3.108704921
    2.867867868   -2.786709084   -2.212995906    3.132645712
    2.882882883   -2.745119759   -2.241725955    3.160577930
    2.897897898   -2.710985044   -2.291836942    3.186414246
    2.912912913   -2.677352765   -2.361293549    3.205853277
    2.927927928   -2.656045617   -2.446774704    3.219125097
    2.942942943   -2.650799730   -2.529470393    3.228443706
    2.957957958   -2.641959610   -2.571472825    3.234952378
    2.972972973   -2.601280327   -2.539804090    3.241814582
    2.987987988   -2.520375509   -2.445447896    3.252184125
    3.003003003   -2.418462866   -2.344233107    3.264315973
    3.018018018   -2.318918253   -2.286624204    3.274485060
    3.033033033   -2.236892620   -2.273624445    3.281018024
    3.048048048   -2.185563250   -2.283269784    3.285508027
    3.063063063   -2.174926574   -2.311423073    3.292040021
    3.078078078   -2.202055395   -2.361996784    3.301873875
    3.093093093   -2.248921103   -2.424650098    3.311340910
    3.108108108   -2.298746366   -2.487267861    3.318547177
    3.123123123   -2.349371327   -2.554128984    3.323721484
    3.138138138   -2.404626505   -2.635975521    3.328308584
    3.153153153   -2.455473014   -2.727480030    3.337639911
    3.168168168   -2.480140427   -2.796693293    3.357103362
    3.183183183   -2.463696969   -2.815148223    3.386150936
    3.198198198   -2.416031536   -2.793118088    3.418468166
    3.213213213   -2.360098194   -2.756794556    3.447294735
    3.228228228   -2.308817108   -2.716153655    3.472779809
    3.243243243   -2.259755736   -2.669691422    3.499196517
    3.258258258   -2.204891564   -2.619040656    3.525325086
    3.273273273   -2.151046457   -2.572987796    3.546843010
    3.288288288   -2.117389691   -2.540060745    3.563558765
    3.303303303   -2.113043613   -2.521395207    3.578593384
    3.318318318   -2.134354204   -2.525790440    3.592872194
    3.333333333   -2.167459952   -2.551993176    3.605205706
    3.348348348   -2.192426246   -2.573586261    3.616705018
    3.363363363   -2.199140511   -2.571594380    3.632840220
    3.378378378   -2.192820602   -2.547656020    3.657896694
    3.393393393   -2.177621138   -2.505324439    3.689598724
    3.408408408   -2.146667816   -2.440725341    3.722536083
    3.423423423   -2.097422717   -2.358717780    3.752492768
    3.438438438   -2.039125406   -2.274639809    3.778073718
    3.453453453   -1.978509181   -2.194453913    3.803963169
    3.468468468   -1.916784339   -2.117275389    3.836926592
    3.483483483   -1.858344700   -2.051431155    3.872672474
    3.498498498   -1.811685447   -2.006818212    3.901117208
    3.513513514   -1.781149092   -1.976282704    3.922746493
    3.528528529   -1.761233850   -1.941620591    3.944357022
    3.543543544   -1.747364462   -1.903323427    3.968557317
    3.558558559   -1.735839189   -1.873296599    3.995707397
    3.573573574   -1.713013794   -1.846556976    4.027048767
    3.588588589   -1.666930497   -1.807246953    4.062048247
    3.603603604   -1.601326854   -1.752636435    4.098997020
    3.618618619   -1.531564319   -1.695830212    4.135184391
    3.633633634   -1.472874405   -1.650926617    4.165743898
    3.648648649   -1.434130441   -1.626396434    4.189919974
    3.663663664   -1.418570999   -1.621860555    4.213728532
    3.678678679   -1.431988161   -1.633235541    4.244070523
    3.693693694   -1.474731275   -1.657371413    4.281637916
    3.708708709   -1.523880096   -1.682057674    4.318169905
    3.723723724   -1.551796883   -1.686277034    4.347312594
    3.738738739   -1.554597003   -1.663541043    4.374022170
    3.753753754   -1.542981657   -1.629199543    4.404856616
    3.768768769   -1.524196922   -1.602510435    4.439612705
    3.783783784   -1.499874313   -1.590988613    4.478164848
    3.798798799   -1.463782787   -1.582436737    4.519659147
    3.813813814   -1.408906572   -1.558140798    4.559266430
    3.828828829   -1.340883814   -1.515472025    4.592591271
    3.843843844   -1.270093242   -1.468988331    4.617670489
    3.858858859   -1.199115348   -1.430801213    4.635570017
    3.873873874   -1.129006084   -1.399399106    4.647038317
    3.888888889   -1.066739725   -1.368068001    4.655127119
    3.903903904   -1.022170377   -1.337871410    4.667898311
    3.918918919   -1.000473017   -1.312963631    4.689761708
    3.933933934   -0.996841869   -1.290926691    4.719609944
    3.948948949   -1.004762968   -1.270594864    4.755212203
    3.963963964   -1.019169699   -1.253186376    4.794783313
    3.978978979   -1.029890136   -1.233967402    4.834646257
    3.993993994   -1.026354770   -1.208214748    4.869872839
    4.009009009   -1.005392551   -1.180204710    4.904299063
    4.024024024   -0.970022632   -1.157934312    4.949342807
    4.039039039   -0.925482684   -1.141121541    5.007207640
    4.054054054   -0.880652455   -1.122517928    5.066023515
    4.069069069   -0.843632853   -1.098775350    5.119436622
    4.084084084   -0.812712325   -1.070126331    5.174792715
    4.099099099   -0.781497345   -1.037077856    5.239263208
    4.114114114   -0.749466388   -1.004363181    5.309383306
    4.129129129   -0.717564509   -0.974633237    5.374482412
    4.144144144   -0.683249964   -0.942572282    5.430502775
    4.159159159   -0.649608758   -0.905182007    5.485607653
    4.174174174   -0.622508367   -0.866737013    5.547771864
    4.189189189   -0.603613032   -0.834965912    5.612085238
    4.204204204   -0.593353725   -0.815514642    5.667907786
    4.219219219   -0.593380710   -0.807033420    5.714800837
    4.234234234   -0.604994847   -0.806388202    5.759921579
    4.249249249   -0.623613057   -0.810695393    5.807274828
    4.264264264   -0.637154302   -0.814818560    5.865296376
    4.279279279   -0.636071455   -0.811745398    5.940138149
    4.294294294   -0.618326981   -0.795532049    6.015194381
    4.309309309   -0.586522222   -0.766410354    6.065100557
    4.324324324   -0.548481138   -0.731579635    6.087315675
    4.339339339   -0.510722425   -0.697371901    6.108527211
    4.354354354   -0.472992683   -0.663814810    6.144520856
    4.369369369   -0.433348373   -0.627893301    6.174179788
    4.384384384   -0.393254437   -0.589743560    6.173347591
    4.399399399   -0.354271807   -0.551696941    6.144269580
    4.414414414   -0.319660894   -0.518432289    6.088910187
    4.429429429   -0.299811089   -0.497443805    5.983623451
    4.444444444   -0.302923730   -0.489721517    5.797868157
    4.459459459   -0.323378782   -0.487982485    5.506015505
    4.474474474   -0.348232182   -0.487496243    5.091742781
    4.489489489   -0.370109748   -0.490242925    4.582736245
    4.504504505   -0.388190908   -0.497788262    4.112071480
    4.519519520   -0.404527094   -0.508850051    3.861122822
    4.534534535   -0.417200934   -0.521059430    3.878482218
    4.549549550   -0.417802282   -0.528417353    4.074689401
    4.564564565   -0.401972496   -0.526807520    4.359804858
    4.579579580   -0.374378467   -0.518100466    4.687098982
    4.594594595   -0.342932092   -0.506936837    5.026113017
    4.609609610   -0.317106504   -0.500847381    5.358571210
    4.624624625   -0.304047676   -0.502931775    5.678813917
    4.639639640   -0.303009844   -0.507987147    5.983962255
    4.654654655   -0.306597501   -0.510634406    6.275575253
    4.669669670   -0.304000870   -0.504670043    6.562228396
    4.684684685   -0.290585628   -0.484238336    6.851758388
    4.699699700   -0.273558653   -0.452991380    7.137805787
    4.714714715   -0.261673790   -0.422374778    7.402485409
    4.729729730   -0.255500537   -0.401728054    7.631451636
    4.744744745   -0.251072524   -0.391395775    7.827154637
    4.759759760   -0.245623427   -0.384426896    8.012457079
    4.774774775   -0.235974525   -0.373080958    8.208608162
    4.789789790   -0.215924809   -0.352804840    8.410151070
    4.804804805   -0.184384530   -0.326376047    8.595952372
    4.819819820   -0.150465043   -0.302756980    8.753282845
    4.834834835   -0.125893357   -0.287492717    8.868931774
    4.849849850   -0.115768218   -0.278301084    8.908097770
    4.864864865   -0.114757530   -0.270445826    8.822528657
    4.879879880   -0.114598462   -0.262095706    8.555774664
    4.894894895   -0.113938763   -0.254646958    8.064553142
    4.909909910   -0.116032066   -0.250002300    7.322822792
    4.924924925   -0.124677119   -0.250486989    6.320713192
    4.939939940   -0.144691525   -0.261378293    5.078110907
    4.954954955   -0.176528519   -0.287709769    3.632014548
    4.969969970   -0.209882162   -0.324466388    2.039078829
    4.984984985   -0.234906311   -0.359434875    0.397419725
    5.000000000   -0.249727369   -0.384763611   -1.132988872
    5.015015015   -0.255290795   -0.399364404   -2.347410232
    5.030030030   -0.255269326   -0.406774278   -3.153687995
    5.045045045   -0.252996747   -0.409827996   -3.620769101
    5.060060060   -0.247908402   -0.407461691   -3.857263725
    5.075075075   -0.235702834   -0.396937619   -3.941894482
    5.090090090   -0.210620519   -0.374397739   -3.926449806
    5.105105105   -0.172858938   -0.339088054   -3.859169774
    5.120120120   -0.131732872   -0.296395633   -3.784321204
    5.135135135   -0.097656706   -0.253349623   -3.720978100
    5.150150150   -0.070590152   -0.212273643   -3.676907505
    5.165165165   -0.042333644   -0.171862924   -3.669863527
    5.180180180   -0.006259649   -0.130927685   -3.714573498
    5.195195195    0.037262524   -0.090252368   -3.813222248
    5.210210210    0.080567982   -0.054357701   -3.966765490
    5.225225225    0.116864753   -0.026923880   -4.154098522
    5.240240240    0.145965668   -0.006172615   -4.323451934
    5.255255255    0.170473814    0.011785667   -4.434796352
    5.270270270    0.190906469    0.029098521   -4.480846057
    5.285285285    0.206460193    0.046763620   -4.466752798
    5.300300300    0.221374615    0.065781944   -4.398783466
    5.315315315    0.240855584    0.087243410   -4.288025446
    5.330330330    0.266094581    0.112327577   -4.152782500
    5.345345345    0.295857346    0.141536861   -4.011259631
    5.360360360    0.326758082    0.174332767   -3.864718699
    5.375375375    0.354660753    0.207168130   -3.708081287
    5.390390390    0.378080010    0.235799988   -3.552863644
    5.405405405    0.400616101    0.260524470   -3.414834641
    5.420420420    0.424421956    0.283570162   -3.292000226
    5.435435435    0.445710717    0.304361476   -3.170253842
    5.450450450    0.460174200    0.322378455   -3.042188733
    5.465465465    0.469459979    0.340427598   -2.909248150
    5.480480480    0.481137360    0.361638900   -2.767585539
    5.495495495    0.500148517    0.385185231   -2.606010558
    5.510510511    0.525080218    0.407674952   -2.425281070
    5.525525526    0.553930843    0.427594587   -2.247097550
    5.540540541    0.582207296    0.443429316   -2.100025421
    5.555555556    0.597733305    0.451151941   -1.998948775
    5.570570571    0.588627701    0.450014805   -1.940719873
    5.585585586    0.548133382    0.443475710   -1.910933645
    5.600600601    0.476009859    0.435336075   -1.888916620
    5.615615616    0.376963576    0.429384129   -1.852963634
    5.630630631    0.261533226    0.428123736   -1.790465309
    5.645645646    0.153310112    0.431565266   -1.707271495
    5.660660661    0.070200625    0.434863205   -1.623704737
    5.675675676    0.011787951    0.432186836   -1.556689947
    5.690690691   -0.025124231    0.424645321   -1.508665556
    5.705705706   -0.040457821    0.415836937   -1.472334953
    5.720720721   -0.043754011    0.399185570   -1.447726028
    5.735735736   -0.051608335    0.362475516   -1.451404158
    5.750750751   -0.068774105    0.307630294   -1.497588952
    5.765765766   -0.089091700    0.251067539   -1.580786514
    5.780780781   -0.108478368    0.206960309   -1.688818070
    5.795795796   -0.127944491    0.177010098   -1.819071902
    5.810810811   -0.150561944    0.156078730   -1.968873739
    5.825825826   -0.177622199    0.141803349   -2.120472655
    5.840840841   -0.205186539    0.131260151   -2.241783873
    5.855855856   -0.224228742    0.120715946   -2.305204367
    5.870870871   -0.230193086    0.108762349   -2.305246257
    5.885885886   -0.227782200    0.096886621   -2.258361180
    5.900900901   -0.221548855    0.090677628   -2.187056671
    5.915915916   -0.214019835    0.092502770   -2.102871184
    5.930930931   -0.209533095    0.096899703   -2.009049522
    5.945945946   -0.210941632    0.097901339   -1.914725192
    5.960960961   -0.215205443    0.095179391   -1.834451511
    5.975975976   -0.216387928    0.089661268   -1.771377693
    5.990990991   -0.212969389    0.079239027   -1.713122055
    6.006006006   -0.208725362    0.060899139   -1.648393728
    6.021021021   -0.207301925    0.034752985   -1.583024879
    6.036036036   -0.209886941    0.005394036   -1.533854149
    6.051051051   -0.216730345   -0.021720161   -1.510356092
    6.066066066   -0.228088119   -0.044787331   -1.509347573
    6.081081081   -0.243734285   -0.065311889   -1.525805087
    6.096096096   -0.262037568   -0.084770161   -1.562047228
    6.111111111   -0.279542718   -0.101472199   -1.617850696
    6.126126126   -0.291942395   -0.110184678   -1.676833934
    6.141141141   -0.298200108   -0.109047721   -1.723123114
    6.156156156   -0.303195216   -0.103780297   -1.757240051
    6.171171171   -0.311658503   -0.100541049   -1.781952008
    6.186186186   -0.321088558   -0.098896496   -1.790206285
    6.201201201   -0.324847104   -0.094675754   -1.771053641
    6.216216216   -0.321355349   -0.086813548   -1.719836982
    6.231231231   -0.314786644   -0.078398056   -1.642456993
    6.246246246   -0.307434518   -0.072000507   -1.550090411
    6.261261261   -0.300135471   -0.069017738   -1.452624735
    6.276276276   -0.292627738   -0.067305765   -1.358380930
    6.291291291   -0.281204104   -0.059916578   -1.272253954
    6.306306306   -0.265275445   -0.044721038   -1.194069213
    6.321321321   -0.248854634   -0.025376875   -1.122659048
    6.336336336   -0.233235226   -0.003303019   -1.058966929
    6.351351351   -0.214939141    0.023432226   -1.003258670
    6.366366366   -0.191093061    0.055852906   -0.953891160
    6.381381381   -0.160459604    0.093471179   -0.909196437
    6.396396396   -0.123235768    0.134568559   -0.867380725
    6.411411411   -0.082226385    0.176391404   -0.826350528
    6.426426426   -0.041227802    0.216702827   -0.784201759
    6.441441441   -0.001629359    0.255363458   -0.739006004
    6.456456456    0.037129567    0.293242448   -0.688409505
    6.471471471    0.075043836    0.331093149   -0.634343619
    6.486486486    0.111006266    0.369832232   -0.581534895
    6.501501502    0.143336163    0.409593080   -0.529609449
    6.516516517    0.171384403    0.449578315   -0.476542825
    6.531531532    0.195507849    0.486850721   -0.424826299
    6.546546547    0.215392440    0.515917712   -0.377541755
    6.561561562    0.229681737    0.532396347   -0.336288206
    6.576576577    0.239012623    0.538148328   -0.304018182
    6.591591592    0.246475287    0.540148639   -0.285070270
    6.606606607    0.251893035    0.540615384   -0.280282653
    6.621621622    0.253767878    0.536249844   -0.283557961
    6.636636637    0.254899716    0.528441793   -0.283488058
    6.651651652    0.257630113    0.522771236   -0.271058516
    6.666666667    0.261705183    0.521875439   -0.249493436
    6.681681682    0.266029679    0.522757829   -0.226279254
    6.696696697    0.269039833    0.521517440   -0.203933551
    6.711711712    0.269568585    0.518616148   -0.183277458
    6.726726727    0.267301734    0.516180606   -0.165012415
    6.741741742    0.261754206    0.512065416   -0.148727501
    6.756756757    0.251740440    0.501094798   -0.136794538
    6.771771772    0.237614333    0.481709625   -0.132093613
    6.786786787    0.219416477    0.456832258   -0.133700679
    6.801801802    0.196759078    0.431976490   -0.137500621
    6.816816817    0.175258232    0.415443414   -0.136992501
    6.831831832    0.161464312    0.409459034   -0.126007048
    6.846846847    0.152714949    0.404128362   -0.105899292
    6.861861862    0.142923895    0.389120443   -0.084471050
    6.876876877    0.131284911    0.362364282   -0.066830678
    6.891891892    0.122370971    0.329134124   -0.053392895
    6.906906907    0.121223106    0.298754066   -0.045343008
    6.921921922    0.128328496    0.277987625   -0.046351142
    6.936936937    0.142215921    0.268067392   -0.056518979
    6.951951952    0.160562166    0.265470418   -0.067838426
    6.966966967    0.177999286    0.264647528   -0.071487818
    6.981981982    0.191210104    0.261867197   -0.065127173
    6.996996997    0.201192041    0.255574361   -0.049471777
    7.012012012    0.210544834    0.248856512   -0.029242617
    7.027027027    0.220737167    0.246148548   -0.013497232
    7.042042042    0.231199078    0.247684511   -0.007694532
    7.057057057    0.242218806    0.252551507   -0.009810937
    7.072072072    0.256025552    0.262583389   -0.014476242
    7.087087087    0.272559239    0.277390834   -0.017573201
    7.102102102    0.288295425    0.291832063   -0.017000520
    7.117117117    0.299648640    0.301278203   -0.013147757
    7.132132132    0.304472392    0.304209130   -0.009083237
    7.147147147    0.304331029    0.302431223   -0.007912268
    7.162162162    0.304818444    0.302195074   -0.011261911
    7.177177177    0.306314315    0.306189505   -0.019311420
    7.192192192    0.302730104    0.307936543   -0.030560513
    7.207207207    0.291283523    0.300535498   -0.044198850
    7.222222222    0.273479151    0.284711313   -0.062241458
    7.237237237    0.250081139    0.263305382   -0.089569690
    7.252252252    0.225097840    0.240786898   -0.130422207
    7.267267267    0.205187278    0.223336520   -0.181821308
    7.282282282    0.190900642    0.210870097   -0.232521287
    7.297297297    0.179230714    0.197773897   -0.272812360
    7.312312312    0.171315965    0.183347663   -0.301616176
    7.327327327    0.168823766    0.172974981   -0.321972463
    7.342342342    0.167374020    0.168798520   -0.335614540
    7.357357357    0.161696861    0.166734168   -0.346620436
    7.372372372    0.151638528    0.161472924   -0.360567081
    7.387387387    0.142700709    0.154776014   -0.378218625
    7.402402402    0.141792236    0.155237375   -0.395984053
    7.417417417    0.151432065    0.165882964   -0.410445796
    7.432432432    0.169179769    0.181856936   -0.421745223
    7.447447447    0.188789955    0.196684535   -0.431470375
    7.462462462    0.203030989    0.205470243   -0.438964397
    7.477477477    0.209447308    0.207942634   -0.440946446
    7.492492492    0.213489520    0.208523790   -0.434747304
    7.507507508    0.221197355    0.211003989   -0.421037811
    7.522522523    0.231525306    0.216713973   -0.401088789
    7.537537538    0.239816646    0.226292379   -0.375717996
    7.552552553    0.244393346    0.239357094   -0.347624626
    7.567567568    0.247272615    0.253035827   -0.320445535
    7.582582583    0.249832182    0.264092002   -0.295372463
    7.597597598    0.252061521    0.271259969   -0.270456728
    7.612612613    0.255346392    0.274846747   -0.245228483
    7.627627628    0.262073946    0.277871208   -0.222425000
    7.642642643    0.273421122    0.286325056   -0.203550130
    7.657657658    0.287851395    0.302564565   -0.187665066
    7.672672673    0.301998626    0.322451426   -0.173960106
    7.687687688    0.312915352    0.340375845   -0.163229702
    7.702702703    0.317350329    0.353865822   -0.155899386
    7.717717718    0.310887713    0.362228859   -0.148796238
    7.732732733    0.291051984    0.364271047   -0.136628787
    7.747747748    0.263962147    0.362464992   -0.118210665
    7.762762763    0.242313819    0.362807954   -0.096465158
    7.777777778    0.234189170    0.369318654   -0.074945508
    7.792792793    0.237545388    0.380526372   -0.055546351
    7.807807808    0.243020223    0.389614046   -0.036566167
    7.822822823    0.242977177    0.390104872   -0.016103095
    7.837837838    0.237454907    0.382511295    0.004078793
    7.852852853    0.229478359    0.372240117    0.021577412
    7.867867868    0.219358012    0.361259020    0.036013600
    7.882882883    0.207636219    0.348054422    0.047018502
    7.897897898    0.198754434    0.331900642    0.054152339
    7.912912913    0.196277970    0.313421358    0.058721293
    7.927927928    0.198980763    0.293953861    0.062483659
    7.942942943    0.202731284    0.274775131    0.064433267
    7.957957958    0.205151943    0.256875545    0.064162190
    7.972972973    0.205651751    0.239861530    0.065140884
    7.987987988    0.202496922    0.222713668    0.069464505
    8.003003003    0.195194501    0.207020952    0.075960581
    8.018018018    0.185954734    0.192625481    0.082807114
    8.033033033    0.177516501    0.176604037    0.087909553
    8.048048048    0.172272892    0.159938380    0.090509987
    8.063063063    0.172243876    0.145303388    0.090917539
    8.078078078    0.177873581    0.133351941    0.087966505
    8.093093093    0.187831073    0.124613532    0.081877064
    8.108108108    0.199720086    0.117383192    0.073913524
    8.123123123    0.210224420    0.108701892    0.060165410
    8.138138138    0.215144768    0.097637825    0.035110202
    8.153153153    0.211805022    0.081814498    0.000863057
    8.168168168    0.202683343    0.059096712   -0.035755510
    8.183183183    0.192623383    0.033133840   -0.068665468
    8.198198198    0.183425324    0.008665631   -0.093488212
    8.213213213    0.176806267   -0.010094715   -0.110381412
    8.228228228    0.175856096   -0.019689720   -0.122313927
    8.243243243    0.182307283   -0.019784768   -0.130484486
    8.258258258    0.195855927   -0.010864503   -0.136014697
    8.273273273    0.212104364    0.003934664   -0.139712227
    8.288288288    0.224988505    0.018895545   -0.139897009
    8.303303303    0.231833045    0.031815853   -0.136250214
    8.318318318    0.233421302    0.043929668   -0.130989742
    8.333333333    0.232175231    0.054533729   -0.125343824
    8.348348348    0.230475100    0.060310950   -0.118829370
    8.363363363    0.227796849    0.059205132   -0.109266352
    8.378378378    0.222445441    0.053541676   -0.094912911
    8.393393393    0.213996940    0.047525588   -0.076460156
    8.408408408    0.203631053    0.042358015   -0.056284351
    8.423423423    0.193089126    0.038623487   -0.036602912
    8.438438438    0.179536755    0.038323570   -0.017887412
    8.453453453    0.158425224    0.042525132   -0.000717460
    8.468468468    0.132493384    0.051240055    0.013187866
    8.483483483    0.107603042    0.062186408    0.024594626
    8.498498498    0.086959469    0.072301452    0.036068707
    8.513513514    0.072682869    0.081091784    0.046916911
    8.528528529    0.064951476    0.089172747    0.054242719
    8.543543544    0.062192837    0.096201132    0.056921714
    8.558558559    0.062559320    0.101175552    0.057524043
    8.573573574    0.064930923    0.103681229    0.059637007
    8.588588589    0.068161375    0.104205051    0.064304394
    8.603603604    0.070583596    0.102980396    0.070711530
    8.618618619    0.071722927    0.099710491    0.077131368
    8.633633634    0.072939685    0.095270257    0.082151387
    8.648648649    0.075449455    0.091630855    0.085595349
    8.663663664    0.079423614    0.089766858    0.086580989
    8.678678679    0.084698750    0.091111946    0.083474563
    8.693693694    0.091875369    0.097650104    0.076536871
    8.708708709    0.102370000    0.109316841    0.067747763
    8.723723724    0.116362168    0.124134931    0.059459677
    8.738738739    0.132118040    0.139318868    0.053215703
    8.753753754    0.145910266    0.151595521    0.049026341
    8.768768769    0.155330894    0.159177317    0.047535024
    8.783783784    0.162610349    0.163452062    0.048796400
    8.798798799    0.170999562    0.167392674    0.050834396
    8.813813814    0.180737588    0.172779027    0.050485303
    8.828828829    0.191118354    0.180231103    0.044120488
    8.843843844    0.201070618    0.189084358    0.029198597
    8.858858859    0.208677166    0.196674092    0.005187296
    8.873873874    0.214242171    0.201681896   -0.028001875
    8.888888889    0.219494854    0.205721230   -0.068600392
    8.903903904    0.224251701    0.210365776   -0.108493657
    8.918918919    0.228915389    0.216459861   -0.137653886
    8.933933934    0.235475286    0.224519980   -0.151859894
    8.948948949    0.244245576    0.234340089   -0.151354348
    8.963963964    0.253720208    0.244460494   -0.139269132
    8.978978979    0.261394027    0.252220023   -0.122118984
    8.993993994    0.263613393    0.255387327   -0.106803766
    9.009009009    0.258082865    0.253572576   -0.097246959
    9.024024024    0.246860911    0.247853461   -0.095979181
    9.039039039    0.236010283    0.241333631   -0.103936440
    9.054054054    0.231637121    0.239037960   -0.118298623
    9.069069069    0.234937413    0.243128216   -0.133405601
    9.084084084    0.242899593    0.251301813   -0.144327965
    9.099099099    0.252352908    0.260072772   -0.150685190
    9.114114114    0.262188611    0.268071394   -0.153997968
    9.129129129    0.272480013    0.275864442   -0.153983161
    9.144144144    0.283325895    0.283368285   -0.149979985
    9.159159159    0.294219039    0.289277836   -0.142581846
    9.174174174    0.303317659    0.292480260   -0.133538532
    9.189189189    0.308683863    0.292951426   -0.123513804
    9.204204204    0.309476718    0.290939201   -0.111301822
    9.219219219    0.305754373    0.286432384   -0.097628101
    9.234234234    0.297397863    0.279692097   -0.085585236
    9.249249249    0.284456419    0.271130397   -0.077525918
    9.264264264    0.269120886    0.261715715   -0.073147312
    9.279279279    0.255129698    0.253577285   -0.070254845
    9.294294294    0.243798636    0.247384717   -0.066461229
    9.309309309    0.233572179    0.241608591   -0.059886695
    9.324324324    0.223520651    0.235282314   -0.050514725
    9.339339339    0.214743423    0.228961763   -0.040095545
    9.354354354    0.209739834    0.224591808   -0.029906147
    9.369369369    0.209938779    0.224530292   -0.019971471
    9.384384384    0.213929831    0.229038996   -0.009948864
    9.399399399    0.219230247    0.236229286   -0.000329802
    9.414414414    0.224413248    0.244247410    0.009167968
    9.429429429    0.229566657    0.252606089    0.020415065
    9.444444444    0.234935845    0.261582912    0.033521666
    9.459459459    0.240451264    0.271086656    0.046024485
    9.474474474    0.245837380    0.279717785    0.055627909
    9.489489489    0.250363528    0.285297143    0.062045641
    9.504504505    0.254157565    0.287236115    0.066419209
    9.519519520    0.258024147    0.286576241    0.069571276
    9.534534535    0.261822418    0.284297269    0.071481069
    9.549549550    0.264490307    0.280546381    0.072450742
    9.564564565    0.265532355    0.275509518    0.073576704
    9.579579580    0.265844352    0.270482027    0.075663277
    9.594594595    0.266962717    0.267368283    0.079021591
    9.609609610    0.269367877    0.267281006    0.083577413
    9.624624625    0.271899094    0.269661715    0.088695307
    9.639639640    0.273097837    0.273082623    0.093458676
    9.654654655    0.272248724    0.276309800    0.097370708
    9.669669670    0.270345969    0.278859764    0.100754233
    9.684684685    0.269997680    0.281301407    0.104245490
    9.699699700    0.272218054    0.284183058    0.108118716
    9.714714715    0.275732464    0.286626523    0.112239954
    9.729729730    0.278908075    0.287374911    0.116859661
    9.744744745    0.279996004    0.285959888    0.122771007
    9.759759760    0.278218451    0.282592468    0.129761097
    9.774774775    0.274720956    0.278213357    0.136556393
    9.789789790    0.271549723    0.273941670    0.142353484
    9.804804805    0.269943258    0.270390635    0.147078486
    9.819819820    0.269227892    0.267552620    0.151049510
    9.834834835    0.268225178    0.264888034    0.154790640
    9.849849850    0.267449790    0.262590148    0.158688892
    9.864864865    0.268237382    0.261763474    0.162682846
    9.879879880    0.270204535    0.262788569    0.166523262
    9.894894895    0.271981849    0.265163936    0.170226698
    9.909909910    0.273543927    0.268694578    0.174579801
    9.924924925    0.275906101    0.273462134    0.180457483
    9.939939940    0.279147555    0.278678998    0.187918885
    9.954954955    0.282477980    0.282903043    0.196423747
    9.969969970    0.285769056    0.285652881    0.205198290
    9.984984985    0.289362646    0.287646955    0.213249567
   10.000000000    0.293201446    0.289753365    0.219405911
   10.015015015    0.296652493    0.292490122    0.222679418
   10.030030030    0.298384573    0.295688046    0.222922091
   10.045045045    0.297773577    0.298448427    0.221366281
   10.060060060    0.296696885    0.300471823    0.219442294
   10.075075075    0.297563231    0.302726491    0.218140280
   10.090090090    0.300584951    0.306146792    0.218405997
   10.105105105    0.304708342    0.310859802    0.220599551
   10.120120120    0.309107738    0.316138531    0.223831173
   10.135135135    0.313220176    0.320705290    0.226807823
   10.150150150    0.316723903    0.323829173    0.229856286
   10.165165165    0.319881572    0.326026583    0.234317655
   10.180180180    0.323043696    0.328352397    0.239735533
   10.195195195    0.326091628    0.331572392    0.244305597
   10.210210210    0.328786874    0.335813819    0.247065901
   10.225225225    0.331140066    0.340511085    0.248253726
   10.240240240    0.333319250    0.344914491    0.248807597
   10.255255255    0.335324551    0.348329903    0.249752358
   10.270270270    0.337299507    0.350340806    0.251738928
   10.285285285    0.339926218    0.351154986    0.255176565
   10.300300300    0.343749348    0.351531461    0.260081447
   10.315315315    0.348429883    0.351836920    0.265904025
   10.330330330    0.353209690    0.351868592    0.271914480
   10.345345345    0.357644638    0.351417361    0.277329167
   10.360360360    0.361212901    0.349948088    0.281609883
   10.375375375    0.363434086    0.347366970    0.285121495
   10.390390390    0.364794002    0.345337935    0.288743756
   10.405405405    0.366305925    0.345855850    0.292673065
   10.420420420    0.368469061    0.348884990    0.296587244
   10.435435435    0.370764474    0.352282195    0.300464219
   10.450450450    0.372691972    0.354399663    0.304415595
   10.465465465    0.374138766    0.355630462    0.308379155
   10.480480480    0.375314282    0.357217951    0.312192937
   10.495495495    0.376401295    0.358864555    0.316039622
   10.510510511    0.377317109    0.359108935    0.320519346
   10.525525526    0.378380499    0.357975764    0.325784766
   10.540540541    0.380166654    0.357298509    0.331292864
   10.555555556    0.382786011    0.358730360    0.336401433
   10.570570571    0.385541953    0.362379581    0.340651566
   10.585585586    0.387118933    0.366803125    0.343800063
   10.600600601    0.386562759    0.370175022    0.346047830
   10.615615616    0.384350565    0.371446765    0.348244792
   10.630630631    0.382332012    0.370943877    0.350990592
   10.645645646    0.382053121    0.369899969    0.354323535
   10.660660661    0.384020489    0.369250779    0.358326789
   10.675675676    0.387761820    0.369563875    0.362920966
   10.690690691    0.391852751    0.371337881    0.367845931
   10.705705706    0.394877513    0.374396064    0.373144106
   10.720720721    0.396382509    0.377586295    0.378866553
   10.735735736    0.396643716    0.379548758    0.384343580
   10.750750751    0.396469813    0.380093960    0.388791147
   10.765765766    0.397233553    0.380413684    0.392153023
   10.780780781    0.399559041    0.381379348    0.395011265
   10.795795796    0.403421700    0.383542553    0.398015956
   10.810810811    0.408273288    0.387334856    0.401273447
   10.825825826    0.412781891    0.392071357    0.404301982
   10.840840841    0.416286324    0.396328574    0.406779942
   10.855855856    0.418973953    0.399282773    0.409270403
   10.870870871    0.420766253    0.400915272    0.412308578
   10.885885886    0.421791699    0.401456333    0.415658015
   10.900900901    0.423084547    0.401676705    0.419241452
   10.915915916    0.425616614    0.402958315    0.423393177
   10.930930931    0.428953620    0.405656884    0.427983137
   10.945945946    0.431827235    0.408566053    0.432445483
   10.960960961    0.433959120    0.410785612    0.436195516
   10.975975976    0.436222306    0.412738042    0.439097558
   10.990990991    0.439247840    0.415125407    0.441778771
   11.006006006    0.442760785    0.418029417    0.444820766
   11.021021021    0.445685677    0.421018187    0.448128921
   11.036036036    0.447361548    0.423731492    0.451377657
   11.051051051    0.448489549    0.425959602    0.454606370
   11.066066066    0.450102737    0.427769398    0.458009820
   11.081081081    0.452283639    0.429499614    0.461430016
   11.096096096    0.454215445    0.430933261    0.464952346
   11.111111111    0.455609834    0.431713171    0.468994936
   11.126126126    0.457168934    0.432240796    0.473587638
   11.141141141    0.459366405    0.433315332    0.478439790
   11.156156156    0.462349771    0.435445869    0.483573137
   11.171171171    0.466265173    0.438511469    0.489313915
   11.186186186    0.470772843    0.442029458    0.495273608
   11.201201201    0.475348550    0.445725584    0.500463839
   11.216216216    0.479753014    0.449492873    0.504601256
   11.231231231    0.483607660    0.453283784    0.508406588
   11.246246246    0.485940942    0.457075394    0.512447597
   11.261261261    0.486072382    0.460689038    0.516220277
   11.276276276    0.484463858    0.463651849    0.518742829
   11.291291291    0.482038106    0.465770666    0.519921179
   11.306306306    0.479705441    0.467431510    0.520384637
   11.321321321    0.478618705    0.469166210    0.520498112
   11.336336336    0.479841813    0.471368741    0.520177827
   11.351351351    0.483604444    0.473915141    0.518731207
   11.366366366    0.488984829    0.476275366    0.515766560
   11.381381381    0.494610024    0.478443281    0.512391114
   11.396396396    0.499123927    0.480806113    0.509260972
   11.411411411    0.501305096    0.483145393    0.505028533
   11.426426426    0.501150634    0.485003977    0.498173093
   11.441441441    0.499591799    0.486087110    0.488858390
   11.456456456    0.497296001    0.486167768    0.478981771
   11.471471471    0.494661154    0.485238400    0.470363170
   11.486486486    0.492111689    0.483702840    0.462666473
   11.501501502    0.489807453    0.481911801    0.454421100
   11.516516517    0.487235666    0.479895062    0.445508253
   11.531531532    0.483719624    0.477788893    0.437963442
   11.546546547    0.479653514    0.475967522    0.433280789
   11.561561562    0.475999956    0.474453137    0.430348135
   11.576576577    0.473067895    0.473026273    0.427862026
   11.591591592    0.470624675    0.471868933    0.426382067
   11.606606607    0.468461758    0.471028427    0.427257421
   11.621621622    0.466727842    0.470385423    0.430564296
   11.636636637    0.465342479    0.470025232    0.434861477
   11.651651652    0.463956297    0.469983268    0.438662332
   11.666666667    0.462965682    0.470403567    0.442075047
   11.681681682    0.463690405    0.472010913    0.446566063
   11.696696697    0.467017858    0.475349372    0.452739031
   11.711711712    0.472221112    0.479878041    0.459610840
   11.726726727    0.477186857    0.484043125    0.466144560
   11.741741742    0.479896272    0.486341513    0.472057655
   11.756756757    0.480199650    0.486652542    0.477516081
   11.771771772    0.479910066    0.486394032    0.482631666
   11.786786787    0.480913627    0.486922532    0.487115537
   11.801801802    0.483563894    0.488502439    0.490517280
   11.816816817    0.486910100    0.490855742    0.492516031
   11.831831832    0.489691373    0.493460846    0.493225065
   11.846846847    0.491217762    0.495582279    0.493353108
   11.861861862    0.491706942    0.496491062    0.493530652
   11.876876877    0.491917832    0.496313353    0.493965415
   11.891891892    0.492738131    0.496123893    0.494833523
   11.906906907    0.494765718    0.496703866    0.496086199
   11.921921922    0.497676827    0.497622214    0.497040877
   11.936936937    0.500758833    0.498092902    0.496980468
   11.951951952    0.503700149    0.497973354    0.495833746
   11.966966967    0.506277615    0.497583635    0.494145619
   11.981981982    0.507895878    0.496936646    0.492391733
   11.996996997    0.507966984    0.495921423    0.490600434
   12.012012012    0.506652069    0.494914165    0.488614180
   12.027027027    0.504883157    0.494274759    0.486270080
   12.042042042    0.503299471    0.493639185    0.483319046
   12.057057057    0.501647888    0.492319302    0.479949393
   12.072072072    0.499339049    0.489959026    0.476601159
   12.087087087    0.496036839    0.486625661    0.473182285
   12.102102102    0.492217977    0.482977002    0.469505069
   12.117117117    0.488498953    0.479463353    0.466307376
   12.132132132    0.484963786    0.475848513    0.464608195
   12.147147147    0.481689993    0.472169007    0.464576577
   12.162162162    0.479301982    0.469230202    0.465928988
   12.177177177    0.478427559    0.467732654    0.468336767
   12.192192192    0.478946392    0.467652687    0.471193329
   12.207207207    0.480315269    0.468557533    0.473685099
   12.222222222    0.482279319    0.470096899    0.475313948
   12.237237237    0.484657413    0.472098603    0.476226394
   12.252252252    0.487031780    0.474544664    0.477119498
   12.267267267    0.489026433    0.477439420    0.478764591
   12.282282282    0.490434753    0.480665519    0.481145330
   12.297297297    0.491362576    0.484153177    0.483523561
   12.312312312    0.492282062    0.487816703    0.485340895
   12.327327327    0.493751260    0.491418473    0.486666086
   12.342342342    0.495961891    0.494674633    0.488460297
   12.357357357    0.498902132    0.497511549    0.491646930
   12.372372372    0.502628768    0.499983384    0.495976264
   12.387387387    0.506961865    0.502092897    0.500503851
   12.402402402    0.511293396    0.503895787    0.504617006
   12.417417417    0.514984498    0.505548186    0.508326940
   12.432432432    0.517852124    0.507234537    0.511780048
   12.447447447    0.520076243    0.509080774    0.514979142
   12.462462462    0.521818874    0.511169306    0.517827728
   12.477477477    0.523006143    0.513382827    0.520094610
   12.492492492    0.523539799    0.515235256    0.521665834
   12.507507508    0.523513534    0.516251281    0.522943508
   12.522522523    0.523073656    0.516346978    0.524612285
   12.537537538    0.522356047    0.515981670    0.526762983
   12.552552553    0.521522272    0.515766137    0.528808725
   12.567567568    0.520849050    0.515989496    0.530195141
   12.582582583    0.520786185    0.516821428    0.530428159
   12.597597598    0.521703392    0.518463684    0.529067816
   12.612612613    0.523478140    0.520950584    0.526540142
   12.627627628    0.525584202    0.524020018    0.524167670
   12.642642643    0.527407694    0.527121421    0.522677820
   12.657657658    0.528612721    0.529470322    0.521468416
   12.672672673    0.529348692    0.530637597    0.519797133
   12.687687688    0.530010482    0.531094911    0.517621718
   12.702702703    0.530841445    0.531797766    0.515582141
   12.717717718    0.531772432    0.533354536    0.514187990
   12.732732733    0.532532756    0.535422905    0.513259182
   12.747747748    0.532935076    0.537087360    0.512654115
   12.762762763    0.533100522    0.537825014    0.512600980
   12.777777778    0.533491978    0.537949460    0.512981861
   12.792792793    0.534482598    0.538201930    0.513154855
   12.807807808    0.536181242    0.539139154    0.512410162
   12.822822823    0.538438504    0.540731429    0.510530196
   12.837837838    0.540920023    0.542475092    0.508256953
   12.852852853    0.543457999    0.544052632    0.506870756
   12.867867868    0.545974406    0.545599825    0.507141207
   12.882882883    0.548159481    0.547248026    0.508944976
   12.897897898    0.549520362    0.548743708    0.511647865
   12.912912913    0.549874269    0.549758546    0.514404699
   12.927927928    0.549734730    0.550349508    0.516580707
   12.942942943    0.549786840    0.550786043    0.518447768
   12.957957958    0.550242329    0.551158302    0.520549168
   12.972972973    0.551094711    0.551720409    0.522474622
   12.987987988    0.552232373    0.552814275    0.523342312
   13.003003003    0.553314589    0.554235102    0.523143550
   13.018018018    0.554080554    0.555433361    0.522979955
   13.033033033    0.554814221    0.556336867    0.523763806
   13.048048048    0.556134940    0.557378009    0.525278468
   13.063063063    0.558154831    0.558805497    0.526864140
   13.078078078    0.560389771    0.560491027    0.528358505
   13.093093093    0.562297882    0.562208756    0.529846795
   13.108108108    0.563797762    0.563935740    0.531124137
   13.123123123    0.565244307    0.565645574    0.532031760
   13.138138138    0.566822266    0.566937944    0.532899990
   13.153153153    0.568419247    0.567510508    0.534288174
   13.168168168    0.569782836    0.567654916    0.536261353
   13.183183183    0.570574978    0.567755890    0.538254589
   13.198198198    0.570967937    0.567979894    0.540013826
   13.213213213    0.571693113    0.568537247    0.542177334
   13.228228228    0.573012585    0.569690414    0.545374834
   13.243243243    0.574479379    0.571388044    0.549569900
   13.258258258    0.575605967    0.573145005    0.554441570
   13.273273273    0.576176178    0.574460415    0.559579014
   13.288288288    0.576382045    0.575199394    0.564712082
   13.303303303    0.576587088    0.575516399    0.569911174
   13.318318318    0.576758466    0.575633713    0.575313453
   13.333333333    0.576811676    0.575823167    0.580816752
   13.348348348    0.577051871    0.576237615    0.586234725
   13.363363363    0.577764145    0.576755948    0.591393451
   13.378378378    0.578846196    0.577319897    0.595991559
   13.393393393    0.579950715    0.578054527    0.599763132
   13.408408408    0.580815068    0.578950082    0.602389252
   13.423423423    0.581462723    0.579946944    0.603672683
   13.438438438    0.581936022    0.580962398    0.603501476
   13.453453453    0.582264229    0.581876020    0.601289391
   13.468468468    0.582480005    0.582574161    0.596226677
   13.483483483    0.582405449    0.582945249    0.588039869
   13.498498498    0.582072739    0.583074599    0.577805962
   13.513513514    0.581819205    0.583107761    0.567973417
   13.528528529    0.581889025    0.583123124    0.560460334
   13.543543544    0.582527183    0.583560710    0.555114841
   13.558558559    0.583838193    0.584811262    0.550538022
   13.573573574    0.585416796    0.586414220    0.545438657
   13.588588589    0.586716637    0.587692626    0.539229283
   13.603603604    0.587449926    0.588451541    0.532380565
   13.618618619    0.587550888    0.588745643    0.525646995
   13.633633634    0.587256427    0.588742166    0.519253063
   13.648648649    0.586840945    0.588528550    0.513164673
   13.663663664    0.586416133    0.588206204    0.507234240
   13.678678679    0.586278687    0.588185279    0.501431654
   13.693693694    0.586932082    0.588939129    0.496067878
   13.708708709    0.588625890    0.590525656    0.491793573
   13.723723724    0.591025180    0.592537905    0.489300496
   13.738738739    0.593544238    0.594504923    0.488581275
   13.753753754    0.595776633    0.596232485    0.488913505
   13.768768769    0.597563970    0.597735972    0.489765899
   13.783783784    0.598860202    0.598907894    0.491060351
   13.798798799    0.599713285    0.599671904    0.492671281
   13.813813814    0.600190638    0.600164620    0.494237747
   13.828828829    0.600329811    0.600430044    0.495599447
   13.843843844    0.600372419    0.600476931    0.497002169
   13.858858859    0.600809236    0.600592899    0.498590569
   13.873873874    0.602025572    0.601240257    0.500182595
   13.888888889    0.603880373    0.602412304    0.501665690
   13.903903904    0.605896624    0.603593078    0.503299050
   13.918918919    0.607866815    0.604659180    0.505349668
   13.933933934    0.609934274    0.606071200    0.507718344
   13.948948949    0.612116388    0.607894894    0.510203875
   13.963963964    0.614058496    0.609461830    0.512870776
   13.978978979    0.615385908    0.610203925    0.515994420
   13.993993994    0.616022105    0.609948450    0.519640527
   14.009009009    0.616099683    0.608791292    0.523473294
   14.024024024    0.615894524    0.607289755    0.527055381
   14.039039039    0.615833537    0.606263623    0.530145659
   14.054054054    0.616346889    0.606198361    0.532749280
   14.069069069    0.617592945    0.606871668    0.535076269
   14.084084084    0.619358529    0.607883513    0.537384315
   14.099099099    0.621310967    0.609144146    0.539786794
   14.114114114    0.623296520    0.610632561    0.542272773
   14.129129129    0.625303127    0.612191284    0.544754689
   14.144144144    0.627238721    0.613664609    0.546916535
   14.159159159    0.628972875    0.615064968    0.548528952
   14.174174174    0.630475097    0.616446830    0.549988701
   14.189189189    0.631792850    0.617668887    0.551760575
   14.204204204    0.632983222    0.618577190    0.553830904
   14.219219219    0.633984395    0.619134436    0.556053986
   14.234234234    0.634718133    0.619448318    0.558440180
   14.249249249    0.635234926    0.619800380    0.560928711
   14.264264264    0.635710870    0.620449703    0.563285444
   14.279279279    0.636376764    0.621428872    0.565395778
   14.294294294    0.637351265    0.622615273    0.567425456
   14.309309309    0.638500987    0.623879107    0.569634964
   14.324324324    0.639500921    0.624969189    0.572049964
   14.339339339    0.640178983    0.625704192    0.574416796
   14.354354354    0.640730567    0.626241724    0.576528693
   14.369369369    0.641508924    0.626956133    0.578399202
   14.384384384    0.642680820    0.628084250    0.580205100
   14.399399399    0.644134416    0.629511675    0.582140286
   14.414414414    0.645568696    0.630871214    0.584325356
   14.429429429    0.646671240    0.631869880    0.586777535
   14.444444444    0.647300789    0.632425094    0.589350510
   14.459459459    0.647656170    0.632738963    0.591830119
   14.474474474    0.648132988    0.633200772    0.594099194
   14.489489489    0.648941366    0.634056809    0.596203559
   14.504504505    0.650079738    0.635325181    0.598228076
   14.519519520    0.651435964    0.636829651    0.600200703
   14.534534535    0.652825521    0.638318862    0.602175009
   14.549549550    0.654039540    0.639632273    0.604199285
   14.564564565    0.654997072    0.640813085    0.606216647
   14.579579580    0.655922507    0.642134342    0.608118061
   14.594594595    0.657126783    0.643779468    0.609871875
   14.609609610    0.658589579    0.645515548    0.611588264
   14.624624625    0.660043169    0.646935027    0.613394384
   14.639639640    0.661256006    0.647870865    0.615326169
   14.654654655    0.662074414    0.648452133    0.617372684
   14.669669670    0.662441811    0.648874586    0.619397787
   14.684684685    0.662448225    0.649237421    0.621145056
   14.699699700    0.662097430    0.649395761    0.622483665
   14.714714715    0.661372907    0.649209460    0.623537631
   14.729729730    0.660728434    0.649043868    0.624556838
   14.744744745    0.660798561    0.649461882    0.625719981
   14.759759760    0.661681696    0.650547267    0.626973536
   14.774774775    0.663038893    0.651967223    0.628097669
   14.789789790    0.664485107    0.653407671    0.629028665
   14.804804805    0.665760657    0.654765603    0.629904218
   14.819819820    0.666863180    0.656096193    0.630718614
   14.834834835    0.667898862    0.657443521    0.631258478
   14.849849850    0.668673038    0.658556427    0.631382794
   14.864864865    0.668746324    0.659018924    0.631128726
   14.879879880    0.667986099    0.658744579    0.630687602
   14.894894895    0.666796813    0.658148123    0.630358425
   14.909909910    0.665625869    0.657738884    0.630402306
   14.924924925    0.664542720    0.657647529    0.630803545
   14.939939940    0.663524816    0.657737603    0.631356544
   14.954954955    0.662755125    0.657958813    0.631936394
   14.969969970    0.662439283    0.658388339    0.632503887
   14.984984985    0.662578811    0.659082579    0.633044209
   15.000000000    0.663031862    0.659952563    0.633489847
