# energy grid [eV]     ieps_x  ieps_y  ieps_z
#
    0.000000000   11.849878257   10.493788553    3.305127557
    0.015015015   11.844232338   10.489393155    3.304901117
    0.030030030   11.834474386   10.481795753    3.304509269
    0.045045045   11.822696617   10.472624416    3.304035445
    0.060060060   11.808941174   10.461911208    3.303480853
    0.075075075   11.793228017   10.449670801    3.302845735
    0.090090090   11.775579676   10.435919752    3.302130365
    0.105105105   11.756021251   10.420676500    3.301335048
    0.120120120   11.734580307   10.403961294    3.300460124
    0.135135135   11.711286762   10.385796107    3.299505962
    0.150150150   11.686172766   10.366204548    3.298472967
    0.165165165   11.659272572   10.345211766    3.297361573
    0.180180180   11.630622408   10.322844357    3.296172243
    0.195195195   11.600260336   10.299130261    3.294905472
    0.210210210   11.568226115   10.274098662    3.293561783
    0.225225225   11.534561055   10.247779879    3.292141726
    0.240240240   11.499307878   10.220205268    3.290645880
    0.255255255   11.462510568   10.191407115    3.289074849
    0.270270270   11.424214230   10.161418528    3.287429263
    0.285285285   11.384464946   10.130273341    3.285709777
    0.300300300   11.343309634   10.098006009    3.283917068
    0.315315315   11.300795911   10.064651508    3.282051838
    0.330330330   11.256971955   10.030245243    3.280114808
    0.345345345   11.211886377    9.994822951    3.278106722
    0.360360360   11.165588095    9.958420614    3.276028341
    0.375375375   11.118126207    9.921074372    3.273880448
    0.390390390   11.069549881    9.882820441    3.271663841
    0.405405405   11.019908239    9.843695037    3.269379336
    0.420420420   10.969250257    9.803734297    3.267027763
    0.435435435   10.917624659    9.762974216    3.264609969
    0.450450450   10.865079830    9.721450580    3.262126813
    0.465465465   10.811663725    9.679198901    3.259579168
    0.480480480   10.757423791    9.636254366    3.256967916
    0.495495495   10.702406888    9.592651783    3.254293952
    0.510510511   10.646659226    9.548425533    3.251558180
    0.525525526   10.590226296    9.503609525    3.248761513
    0.540540541   10.533152820    9.458237160    3.245904872
    0.555555556   10.475482692    9.412341289    3.242989184
    0.570570571   10.417258938    9.365954188    3.240015383
    0.585585586   10.358523673    9.319107521    3.236984408
    0.600600601   10.299318067    9.271832323    3.233897202
    0.615615616   10.239682313    9.224158973    3.230754711
    0.630630631   10.179655601    9.176117175    3.227557886
    0.645645646   10.119276098    9.127735944    3.224307677
    0.660660661   10.058580929    9.079043592    3.221005038
    0.675675676    9.997606164    9.030067716    3.217650920
    0.690690691    9.936386810    8.980835191    3.214246277
    0.705705706    9.874956800    8.931372163    3.210792062
    0.720720721    9.813348994    8.881704044    3.207289223
    0.735735736    9.751595178    8.831855514    3.203738709
    0.750750751    9.689726063    8.781850516    3.200141465
    0.765765766    9.627771297    8.731712258    3.196498434
    0.780780781    9.565759463    8.681463218    3.192810553
    0.795795796    9.503718096    8.631125148    3.189078756
    0.810810811    9.441673689    8.580719077    3.185303972
    0.825825826    9.379651711    8.530265320    3.181487123
    0.840840841    9.317676617    8.479783484    3.177629127
    0.855855856    9.255771866    8.429292479    3.173730896
    0.870870871    9.193959935    8.378810525    3.169793333
    0.885885886    9.132262344    8.328355163    3.165817336
    0.900900901    9.070699668    8.277943267    3.161803794
    0.915915916    9.009291559    8.227591056    3.157753591
    0.930930931    8.948056768    8.177314101    3.153667601
    0.945945946    8.887013166    8.127127345    3.149546689
    0.960960961    8.826177764    8.077045109    3.145391712
    0.975975976    8.765566735    8.027081112    3.141203519
    0.990990991    8.705195437    7.977248477    3.136982950
    1.006006006    8.645078435    7.927559751    3.132730834
    1.021021021    8.585229525    7.878026914    3.128447992
    1.036036036    8.525661754    7.828661398    3.124135236
    1.051051051    8.466387443    7.779474095    3.119793366
    1.066066066    8.407418212    7.730475377    3.115423174
    1.081081081    8.348764998    7.681675106    3.111025441
    1.096096096    8.290438083    7.633082650    3.106600938
    1.111111111    8.232447108    7.584706896    3.102150427
    1.126126126    8.174801102    7.536556264    3.097674658
    1.141141141    8.117508500    7.488638723    3.093174370
    1.156156156    8.060577164    7.440961800    3.088650295
    1.171171171    8.004014403    7.393532599    3.084103151
    1.186186186    7.947826997    7.346357811    3.079533647
    1.201201201    7.892021212    7.299443727    3.074942481
    1.216216216    7.836602821    7.252796254    3.070330342
    1.231231231    7.781577127    7.206420924    3.065697905
    1.246246246    7.726948976    7.160322910    3.061045840
    1.261261261    7.672722777    7.114507035    3.056374800
    1.276276276    7.618902523    7.068977787    3.051685433
    1.291291291    7.565491804    7.023739331    3.046978373
    1.306306306    7.512493824    6.978795516    3.042254247
    1.321321321    7.459911422    6.934149895    3.037513667
    1.336336336    7.407747083    6.889805726    3.032757240
    1.351351351    7.356002953    6.845765990    3.027985559
    1.366366366    7.304680861    6.802033401    3.023199208
    1.381381381    7.253782323    6.758610412    3.018398762
    1.396396396    7.203308567    6.715499230    3.013584784
    1.411411411    7.153260537    6.672701822    3.008757829
    1.426426426    7.103638913    6.630219930    3.003918442
    1.441441441    7.054444120    6.588055071    2.999067156
    1.456456456    7.005676341    6.546208557    2.994204498
    1.471471471    6.957335531    6.504681495    2.989330983
    1.486486486    6.909421426    6.463474801    2.984447117
    1.501501502    6.861933554    6.422589206    2.979553398
    1.516516517    6.814871248    6.382025264    2.974650313
    1.531531532    6.768233654    6.341783359    2.969738340
    1.546546547    6.722019742    6.301863717    2.964817951
    1.561561562    6.676228316    6.262266406    2.959889605
    1.576576577    6.630858020    6.222991350    2.954953755
    1.591591592    6.585907352    6.184038331    2.950010846
    1.606606607    6.541374668    6.145407000    2.945061311
    1.621621622    6.497258193    6.107096878    2.940105578
    1.636636637    6.453556027    6.069107368    2.935144065
    1.651651652    6.410266154    6.031437755    2.930177183
    1.666666667    6.367386447    5.994087218    2.925205334
    1.681681682    6.324914678    5.957054830    2.920228914
    1.696696697    6.282848521    5.920339568    2.915248308
    1.711711712    6.241185562    5.883940314    2.910263896
    1.726726727    6.199923303    5.847855863    2.905276049
    1.741741742    6.159059168    5.812084926    2.900285133
    1.756756757    6.118590508    5.776626137    2.895291503
    1.771771772    6.078514608    5.741478054    2.890295510
    1.786786787    6.038828692    5.706639167    2.885297497
    1.801801802    5.999529924    5.672107898    2.880297798
    1.816816817    5.960615420    5.637882610    2.875296745
    1.831831832    5.922082244    5.603961605    2.870294658
    1.846846847    5.883927419    5.570343133    2.865291853
    1.861861862    5.846147927    5.537025393    2.860288641
    1.876876877    5.808740716    5.504006535    2.855285323
    1.891891892    5.771702700    5.471284667    2.850282197
    1.906906907    5.735030765    5.438857855    2.845279554
    1.921921922    5.698721773    5.406724126    2.840277678
    1.936936937    5.662772563    5.374881472    2.835276847
    1.951951952    5.627179953    5.343327855    2.830277335
    1.966966967    5.591940749    5.312061204    2.825279408
    1.981981982    5.557051739    5.281079423    2.820283330
    1.996996997    5.522509705    5.250380389    2.815289355
    2.012012012    5.488311415    5.219961957    2.810297734
    2.027027027    5.454453637    5.189821964    2.805308713
    2.042042042    5.420933129    5.159958225    2.800322533
    2.057057057    5.387746652    5.130368540    2.795339428
    2.072072072    5.354890965    5.101050697    2.790359628
    2.087087087    5.322362829    5.072002467    2.785383360
    2.102102102    5.290159010    5.043221613    2.780410842
    2.117117117    5.258276277    5.014705889    2.775442292
    2.132132132    5.226711409    4.986453041    2.770477921
    2.147147147    5.195461193    4.958460808    2.765517934
    2.162162162    5.164522423    4.930726924    2.760562535
    2.177177177    5.133891909    4.903249123    2.755611920
    2.192192192    5.103566469    4.876025133    2.750666284
    2.207207207    5.073542937    4.849052684    2.745725816
    2.222222222    5.043818162    4.822329505    2.740790700
    2.237237237    5.014389008    4.795853327    2.735861118
    2.252252252    4.985252356    4.769621885    2.730937248
    2.267267267    4.956405104    4.743632915    2.726019262
    2.282282282    4.927844169    4.717884159    2.721107330
    2.297297297    4.899566487    4.692373365    2.716201617
    2.312312312    4.871569015    4.667098287    2.711302286
    2.327327327    4.843848728    4.642056686    2.706409495
    2.342342342    4.816402626    4.617246331    2.701523398
    2.357357357    4.789227727    4.592664998    2.696644149
    2.372372372    4.762321074    4.568310476    2.691771893
    2.387387387    4.735679732    4.544180560    2.686906776
    2.402402402    4.709300788    4.520273059    2.682048940
    2.417417417    4.683181355    4.496585789    2.677198523
    2.432432432    4.657318568    4.473116583    2.672355659
    2.447447447    4.631709588    4.449863281    2.667520481
    2.462462462    4.606351599    4.426823738    2.662693118
    2.477477477    4.581241811    4.403995823    2.657873695
    2.492492492    4.556377459    4.381377417    2.653062336
    2.507507508    4.531755802    4.358966414    2.648259161
    2.522522523    4.507374128    4.336760723    2.643464287
    2.537537538    4.483229747    4.314758269    2.638677829
    2.552552553    4.459319996    4.292956991    2.633899898
    2.567567568    4.435642239    4.271354840    2.629130605
    2.582582583    4.412193864    4.249949787    2.624370056
    2.597597598    4.388972288    4.228739815    2.619618355
    2.612612613    4.365974951    4.207722924    2.614875604
    2.627627628    4.343199321    4.186897131    2.610141901
    2.642642643    4.320642891    4.166260467    2.605417344
    2.657657658    4.298303181    4.145810982    2.600702027
    2.672672673    4.276177738    4.125546739    2.595996042
    2.687687688    4.254264132    4.105465820    2.591299479
    2.702702703    4.232559962    4.085566322    2.586612426
    2.717717718    4.211062853    4.065846362    2.581934967
    2.732732733    4.189770452    4.046304068    2.577267187
    2.747747748    4.168680437    4.026937591    2.572609165
    2.762762763    4.147790508    4.007745095    2.567960982
    2.777777778    4.127098391    3.988724763    2.563322714
    2.792792793    4.106601840    3.969874793    2.558694437
    2.807807808    4.086298632    3.951193401    2.554076222
    2.822822823    4.066186568    3.932678822    2.549468142
    2.837837838    4.046263478    3.914329304    2.544870265
    2.852852853    4.026527212    3.896143115    2.540282660
    2.867867868    4.006975650    3.878118540    2.535705390
    2.882882883    3.987606691    3.860253879    2.531138521
    2.897897898    3.968418263    3.842547450    2.526582114
    2.912912913    3.949408316    3.824997589    2.522036229
    2.927927928    3.930574824    3.807602646    2.517500924
    2.942942943    3.911915785    3.790360991    2.512976258
    2.957957958    3.893429220    3.773271009    2.508462284
    2.972972973    3.875113176    3.756331102    2.503959057
    2.987987988    3.856965720    3.739539687    2.499466628
    3.003003003    3.838984944    3.722895201    2.494985048
    3.018018018    3.821168962    3.706396094    2.490514366
    3.033033033    3.803515911    3.690040834    2.486054630
    3.048048048    3.786023950    3.673827906    2.481605885
    3.063063063    3.768691261    3.657755809    2.477168175
    3.078078078    3.751516046    3.641823059    2.472741544
    3.093093093    3.734496532    3.626028188    2.468326034
    3.108108108    3.717630964    3.610369745    2.463921685
    3.123123123    3.700917611    3.594846293    2.459528536
    3.138138138    3.684354763    3.579456411    2.455146624
    3.153153153    3.667940728    3.564198694    2.450775986
    3.168168168    3.651673838    3.549071752    2.446416657
    3.183183183    3.635552445    3.534074211    2.442068671
    3.198198198    3.619574918    3.519204711    2.437732059
    3.213213213    3.603739650    3.504461908    2.433406855
    3.228228228    3.588045052    3.489844472    2.429093087
    3.243243243    3.572489555    3.475351089    2.424790785
    3.258258258    3.557071609    3.460980458    2.420499976
    3.273273273    3.541789683    3.446731294    2.416220688
    3.288288288    3.526642266    3.432602326    2.411952945
    3.303303303    3.511627863    3.418592297    2.407696772
    3.318318318    3.496745002    3.404699964    2.403452193
    3.333333333    3.481992224    3.390924099    2.399219230
    3.348348348    3.467368093    3.377263486    2.394997904
    3.363363363    3.452871187    3.363716925    2.390788236
    3.378378378    3.438500104    3.350283228    2.386590244
    3.393393393    3.424253458    3.336961221    2.382403947
    3.408408408    3.410129881    3.323749743    2.378229362
    3.423423423    3.396128022    3.310647647    2.374066506
    3.438438438    3.382246547    3.297653799    2.369915393
    3.453453453    3.368484137    3.284767076    2.365776039
    3.468468468    3.354839492    3.271986371    2.361648457
    3.483483483    3.341311326    3.259310587    2.357532660
    3.498498498    3.327898371    3.246738642    2.353428659
    3.513513514    3.314599371    3.234269463    2.349336465
    3.528528529    3.301413090    3.221901993    2.345256088
    3.543543544    3.288338306    3.209635185    2.341187538
    3.558558559    3.275373810    3.197468004    2.337130823
    3.573573574    3.262518411    3.185399427    2.333085950
    3.588588589    3.249770932    3.173428445    2.329052927
    3.603603604    3.237130209    3.161554057    2.325031759
    3.618618619    3.224595094    3.149775276    2.321022451
    3.633633634    3.212164453    3.138091125    2.317025009
    3.648648649    3.199837166    3.126500640    2.313039435
    3.663663664    3.187612127    3.115002867    2.309065734
    3.678678679    3.175488244    3.103596862    2.305103906
    3.693693694    3.163464437    3.092281693    2.301153955
    3.708708709    3.151539642    3.081056440    2.297215880
    3.723723724    3.139712805    3.069920191    2.293289682
    3.738738739    3.127982889    3.058872046    2.289375360
    3.753753754    3.116348865    3.047911116    2.285472914
    3.768768769    3.104809721    3.037036520    2.281582342
    3.783783784    3.093364456    3.026247390    2.277703641
    3.798798799    3.082012080    3.015542866    2.273836808
    3.813813814    3.070751617    3.004922099    2.269981840
    3.828828829    3.059582102    2.994384249    2.266138733
    3.843843844    3.048502583    2.983928486    2.262307481
    3.858858859    3.037512118    2.973553990    2.258488080
    3.873873874    3.026609778    2.963259949    2.254680523
    3.888888889    3.015794645    2.953045563    2.250884804
    3.903903904    3.005065812    2.942910038    2.247100915
    3.918918919    2.994422384    2.932852592    2.243328850
    3.933933934    2.983863476    2.922872451    2.239568600
    3.948948949    2.973388214    2.912968848    2.235820156
    3.963963964    2.962995734    2.903141028    2.232083510
    3.978978979    2.952685185    2.893388242    2.228358651
    3.993993994    2.942455723    2.883709752    2.224645569
    4.009009009    2.932306517    2.874104826    2.220944254
    4.024024024    2.922236745    2.864572743    2.217254694
    4.039039039    2.912245596    2.855112788    2.213576879
    4.054054054    2.902332266    2.845724255    2.209910795
    4.069069069    2.892495964    2.836406446    2.206256430
    4.084084084    2.882735908    2.827158672    2.202613772
    4.099099099    2.873051323    2.817980251    2.198982807
    4.114114114    2.863441446    2.808870508    2.195363521
    4.129129129    2.853905522    2.799828777    2.191755900
    4.144144144    2.844442806    2.790854399    2.188159929
    4.159159159    2.835052561    2.781946723    2.184575593
    4.174174174    2.825734059    2.773105105    2.181002877
    4.189189189    2.816486582    2.764328907    2.177441765
    4.204204204    2.807309418    2.755617502    2.173892240
    4.219219219    2.798201867    2.746970266    2.170354286
    4.234234234    2.789163235    2.738386585    2.166827886
    4.249249249    2.780192835    2.729865849    2.163313023
    4.264264264    2.771289993    2.721407458    2.159809678
    4.279279279    2.762454037    2.713010818    2.156317835
    4.294294294    2.753684308    2.704675340    2.152837474
    4.309309309    2.744980152    2.696400444    2.149368577
    4.324324324    2.736340925    2.688185554    2.145911125
    4.339339339    2.727765987    2.680030103    2.142465098
    4.354354354    2.719254709    2.671933529    2.139030477
    4.369369369    2.710806469    2.663895276    2.135607241
    4.384384384    2.702420650    2.655914795    2.132195371
    4.399399399    2.694096644    2.647991544    2.128794846
    4.414414414    2.685833852    2.640124984    2.125405646
    4.429429429    2.677631677    2.632314587    2.122027747
    4.444444444    2.669489535    2.624559825    2.118661131
    4.459459459    2.661406843    2.616860181    2.115305774
    4.474474474    2.653383030    2.609215140    2.111961655
    4.489489489    2.645417528    2.601624196    2.108628752
    4.504504505    2.637509778    2.594086846    2.105307042
    4.519519520    2.629659225    2.586602593    2.101996502
    4.534534535    2.621865323    2.579170948    2.098697110
    4.549549550    2.614127531    2.571791424    2.095408842
    4.564564565    2.606445314    2.564463542    2.092131675
    4.579579580    2.598818145    2.557186826    2.088865585
    4.594594595    2.591245500    2.549960807    2.085610548
    4.609609610    2.583726864    2.542785021    2.082366540
    4.624624625    2.576261727    2.535659009    2.079133538
    4.639639640    2.568849583    2.528582315    2.075911515
    4.654654655    2.561489935    2.521554492    2.072700449
    4.669669670    2.554182290    2.514575095    2.069500313
    4.684684685    2.546926159    2.507643684    2.066311083
    4.699699700    2.539721063    2.500759825    2.063132733
    4.714714715    2.532566523    2.493923088    2.059965238
    4.729729730    2.525462070    2.487133048    2.056808572
    4.744744745    2.518407238    2.480389284    2.053662709
    4.759759760    2.511401567    2.473691380    2.050527624
    4.774774775    2.504444602    2.467038925    2.047403290
    4.789789790    2.497535893    2.460431513    2.044289681
    4.804804805    2.490674996    2.453868739    2.041186770
    4.819819820    2.483861470    2.447350207    2.038094532
    4.834834835    2.477094881    2.440875522    2.035012938
    4.849849850    2.470374799    2.434444295    2.031941962
    4.864864865    2.463700798    2.428056140    2.028881577
    4.879879880    2.457072460    2.421710676    2.025831756
    4.894894895    2.450489367    2.415407525    2.022792471
    4.909909910    2.443951109    2.409146315    2.019763696
    4.924924925    2.437457279    2.402926676    2.016745401
    4.939939940    2.431007476    2.396748243    2.013737561
    4.954954955    2.424601302    2.390610656    2.010740146
    4.969969970    2.418238364    2.384513555    2.007753129
    4.984984985    2.411918273    2.378456588    2.004776482
    5.000000000    2.405640646    2.372439405    2.001810177
    5.015015015    2.399405101    2.366461659    1.998854185
    5.030030030    2.393211262    2.360523009    1.995908478
    5.045045045    2.387058759    2.354623114    1.992973028
    5.060060060    2.380947222    2.348761640    1.990047806
    5.075075075    2.374876289    2.342938256    1.987132783
    5.090090090    2.368845599    2.337152632    1.984227931
    5.105105105    2.362854797    2.331404444    1.981333221
    5.120120120    2.356903531    2.325693371    1.978448624
    5.135135135    2.350991452    2.320019094    1.975574111
    5.150150150    2.345118216    2.314381298    1.972709653
    5.165165165    2.339283482    2.308779673    1.969855220
    5.180180180    2.333486914    2.303213911    1.967010784
    5.195195195    2.327728177    2.297683705    1.964176316
    5.210210210    2.322006943    2.292188755    1.961351786
    5.225225225    2.316322885    2.286728761    1.958537164
    5.240240240    2.310675680    2.281303429    1.955732422
    5.255255255    2.305065009    2.275912465    1.952937530
    5.270270270    2.299490557    2.270555581    1.950152458
    5.285285285    2.293952010    2.265232489    1.947377177
    5.300300300    2.288449059    2.259942907    1.944611656
    5.315315315    2.282981400    2.254686553    1.941855867
    5.330330330    2.277548728    2.249463149    1.939109780
    5.345345345    2.272150745    2.244272422    1.936373365
    5.360360360    2.266787155    2.239114099    1.933646592
    5.375375375    2.261457664    2.233987910    1.930929431
    5.390390390    2.256161982    2.228893589    1.928221853
    5.405405405    2.250899822    2.223830872    1.925523827
    5.420420420    2.245670901    2.218799499    1.922835324
    5.435435435    2.240474938    2.213799210    1.920156313
    5.450450450    2.235311653    2.208829749    1.917486766
    5.465465465    2.230180773    2.203890865    1.914826651
    5.480480480    2.225082025    2.198982304    1.912175939
    5.495495495    2.220015140    2.194103821    1.909534600
    5.510510511    2.214979851    2.189255168    1.906902603
    5.525525526    2.209975893    2.184436103    1.904279920
    5.540540541    2.205003007    2.179646385    1.901666519
    5.555555556    2.200060933    2.174885775    1.899062370
    5.570570571    2.195149416    2.170154038    1.896467444
    5.585585586    2.190268202    2.165450940    1.893881711
    5.600600601    2.185417042    2.160776250    1.891305140
    5.615615616    2.180595687    2.156129738    1.888737702
    5.630630631    2.175803891    2.151511178    1.886179366
    5.645645646    2.171041413    2.146920346    1.883630102
    5.660660661    2.166308011    2.142357019    1.881089880
    5.675675676    2.161603447    2.137820978    1.878558671
    5.690690691    2.156927486    2.133312003    1.876036444
    5.705705706    2.152279895    2.128829881    1.873523168
    5.720720721    2.147660443    2.124374397    1.871018815
    5.735735736    2.143068901    2.119945340    1.868523354
    5.750750751    2.138505044    2.115542499    1.866036755
    5.765765766    2.133968647    2.111165669    1.863558988
    5.780780781    2.129459489    2.106814644    1.861090024
    5.795795796    2.124977350    2.102489220    1.858629831
    5.810810811    2.120522013    2.098189196    1.856178381
    5.825825826    2.116093263    2.093914372    1.853735644
    5.840840841    2.111690888    2.089664552    1.851301589
    5.855855856    2.107314676    2.085439539    1.848876186
    5.870870871    2.102964419    2.081239140    1.846459407
    5.885885886    2.098639911    2.077063164    1.844051221
    5.900900901    2.094340945    2.072911420    1.841651598
    5.915915916    2.090067322    2.068783721    1.839260509
    5.930930931    2.085818838    2.064679879    1.836877924
    5.945945946    2.081595297    2.060599711    1.834503814
    5.960960961    2.077396502    2.056543034    1.832138148
    5.975975976    2.073222257    2.052509667    1.829780897
    5.990990991    2.069072371    2.048499430    1.827432032
    6.006006006    2.064946651    2.044512147    1.825091524
    6.021021021    2.060844910    2.040547641    1.822759341
    6.036036036    2.056766961    2.036605738    1.820435457
    6.051051051    2.052712617    2.032686266    1.818119840
    6.066066066    2.048681695    2.028789054    1.815812461
    6.081081081    2.044674014    2.024913932    1.813513292
    6.096096096    2.040689393    2.021060734    1.811222302
    6.111111111    2.036727655    2.017229292    1.808939464
    6.126126126    2.032788623    2.013419442    1.806664747
    6.141141141    2.028872122    2.009631022    1.804398123
    6.156156156    2.024977978    2.005863870    1.802139562
    6.171171171    2.021106021    2.002117826    1.799889035
    6.186186186    2.017256081    1.998392732    1.797646514
    6.201201201    2.013427989    1.994688430    1.795411970
    6.216216216    2.009621578    1.991004765    1.793185373
    6.231231231    2.005836685    1.987341584    1.790966696
    6.246246246    2.002073144    1.983698733    1.788755908
    6.261261261    1.998330795    1.980076062    1.786552982
    6.276276276    1.994609477    1.976473420    1.784357889
    6.291291291    1.990909032    1.972890659    1.782170601
    6.306306306    1.987229301    1.969327633    1.779991088
    6.321321321    1.983570129    1.965784195    1.777819322
    6.336336336    1.979931362    1.962260201    1.775655275
    6.351351351    1.976312846    1.958755508    1.773498919
    6.366366366    1.972714431    1.955269975    1.771350226
    6.381381381    1.969135966    1.951803460    1.769209166
    6.396396396    1.965577302    1.948355826    1.767075712
    6.411411411    1.962038292    1.944926933    1.764949836
    6.426426426    1.958518791    1.941516646    1.762831510
    6.441441441    1.955018653    1.938124829    1.760720706
    6.456456456    1.951537736    1.934751348    1.758617395
    6.471471471    1.948075897    1.931396070    1.756521551
    6.486486486    1.944632996    1.928058863    1.754433145
    6.501501502    1.941208893    1.924739597    1.752352150
    6.516516517    1.937803452    1.921438143    1.750278538
    6.531531532    1.934416534    1.918154371    1.748212281
    6.546546547    1.931048005    1.914888156    1.746153352
    6.561561562    1.927697730    1.911639371    1.744101724
    6.576576577    1.924365576    1.908407892    1.742057369
    6.591591592    1.921051411    1.905193595    1.740020259
    6.606606607    1.917755106    1.901996357    1.737990368
    6.621621622    1.914476529    1.898816057    1.735967669
    6.636636637    1.911215554    1.895652574    1.733952134
    6.651651652    1.907972053    1.892505790    1.731943736
    6.666666667    1.904745900    1.889375585    1.729942449
    6.681681682    1.901536971    1.886261844    1.727948245
    6.696696697    1.898345141    1.883164449    1.725961098
    6.711711712    1.895170289    1.880083285    1.723980981
    6.726726727    1.892012292    1.877018239    1.722007868
    6.741741742    1.888871031    1.873969197    1.720041731
    6.756756757    1.885746386    1.870936047    1.718082544
    6.771771772    1.882638239    1.867918678    1.716130282
    6.786786787    1.879546472    1.864916979    1.714184916
    6.801801802    1.876470971    1.861930842    1.712246422
    6.816816817    1.873411619    1.858960159    1.710314774
    6.831831832    1.870368303    1.856004821    1.708389944
    6.846846847    1.867340909    1.853064723    1.706471906
    6.861861862    1.864329326    1.850139759    1.704560636
    6.876876877    1.861333442    1.847229825    1.702656107
    6.891891892    1.858353148    1.844334816    1.700758292
    6.906906907    1.855388334    1.841454631    1.698867168
    6.921921922    1.852438893    1.838589167    1.696982707
    6.936936937    1.849504716    1.835738323    1.695104884
    6.951951952    1.846585698    1.832901999    1.693233673
    6.966966967    1.843681734    1.830080097    1.691369050
    6.981981982    1.840792718    1.827272516    1.689510989
    6.996996997    1.837918548    1.824479161    1.687659464
    7.012012012    1.835059122    1.821699934    1.685814450
    7.027027027    1.832214336    1.818934739    1.683975923
    7.042042042    1.829384091    1.816183481    1.682143857
    7.057057057    1.826568286    1.813446067    1.680318227
    7.072072072    1.823766823    1.810722401    1.678499009
    7.087087087    1.820979602    1.808012392    1.676686177
    7.102102102    1.818206528    1.805315948    1.674879706
    7.117117117    1.815447503    1.802632978    1.673079573
    7.132132132    1.812702431    1.799963391    1.671285753
    7.147147147    1.809971218    1.797307097    1.669498220
    7.162162162    1.807253770    1.794664009    1.667716952
    7.177177177    1.804549993    1.792034037    1.665941922
    7.192192192    1.801859794    1.789417094    1.664173108
    7.207207207    1.799183083    1.786813094    1.662410484
    7.222222222    1.796519768    1.784221950    1.660654028
    7.237237237    1.793869759    1.781643578    1.658903714
    7.252252252    1.791232966    1.779077893    1.657159519
    7.267267267    1.788609302    1.776524811    1.655421419
    7.282282282    1.785998677    1.773984250    1.653689390
    7.297297297    1.783401005    1.771456126    1.651963409
    7.312312312    1.780816200    1.768940357    1.650243452
    7.327327327    1.778244176    1.766436864    1.648529496
    7.342342342    1.775684848    1.763945565    1.646821516
    7.357357357    1.773138131    1.761466381    1.645119490
    7.372372372    1.770603942    1.758999233    1.643423395
    7.387387387    1.768082199    1.756544041    1.641733207
    7.402402402    1.765572819    1.754100730    1.640048902
    7.417417417    1.763075720    1.751669220    1.638370459
    7.432432432    1.760590822    1.749249436    1.636697854
    7.447447447    1.758118044    1.746841302    1.635031063
    7.462462462    1.755657308    1.744444743    1.633370066
    7.477477477    1.753208533    1.742059683    1.631714837
    7.492492492    1.750771643    1.739686049    1.630065356
    7.507507508    1.748346560    1.737323768    1.628421599
    7.522522523    1.745933206    1.734972766    1.626783544
    7.537537538    1.743531506    1.732632971    1.625151169
    7.552552553    1.741141383    1.730304312    1.623524451
    7.567567568    1.738762764    1.727986717    1.621903368
    7.582582583    1.736395572    1.725680115    1.620287898
    7.597597598    1.734039736    1.723384438    1.618678018
    7.612612613    1.731695180    1.721099615    1.617073708
    7.627627628    1.729361833    1.718825577    1.615474944
    7.642642643    1.727039623    1.716562256    1.613881705
    7.657657658    1.724728479    1.714309585    1.612293969
    7.672672673    1.722428329    1.712067496    1.610711715
    7.687687688    1.720139103    1.709835922    1.609134921
    7.702702703    1.717860731    1.707614797    1.607563566
    7.717717718    1.715593145    1.705404056    1.605997627
    7.732732733    1.713336275    1.703203633    1.604437084
    7.747747748    1.711090054    1.701013464    1.602881916
    7.762762763    1.708854414    1.698833484    1.601332100
    7.777777778    1.706629288    1.696663631    1.599787617
    7.792792793    1.704414610    1.694503840    1.598248445
    7.807807808    1.702210313    1.692354050    1.596714563
    7.822822823    1.700016333    1.690214198    1.595185950
    7.837837838    1.697832605    1.688084222    1.593662585
    7.852852853    1.695659063    1.685964061    1.592144448
    7.867867868    1.693495645    1.683853656    1.590631518
    7.882882883    1.691342287    1.681752944    1.589123775
    7.897897898    1.689198926    1.679661867    1.587621197
    7.912912913    1.687065500    1.677580366    1.586123765
    7.927927928    1.684941947    1.675508381    1.584631458
    7.942942943    1.682828205    1.673445854    1.583144256
    7.957957958    1.680724214    1.671392728    1.581662139
    7.972972973    1.678629913    1.669348944    1.580185086
    7.987987988    1.676545242    1.667314446    1.578713078
    8.003003003    1.674470143    1.665289177    1.577246095
    8.018018018    1.672404555    1.663273081    1.575784117
    8.033033033    1.670348420    1.661266103    1.574327123
    8.048048048    1.668301681    1.659268186    1.572875095
    8.063063063    1.666264279    1.657279276    1.571428013
    8.078078078    1.664236157    1.655299319    1.569985856
    8.093093093    1.662217259    1.653328260    1.568548607
    8.108108108    1.660207528    1.651366046    1.567116244
    8.123123123    1.658206909    1.649412624    1.565688749
    8.138138138    1.656215345    1.647467941    1.564266103
    8.153153153    1.654232782    1.645531944    1.562848287
    8.168168168    1.652259165    1.643604581    1.561435280
    8.183183183    1.650294441    1.641685801    1.560027065
    8.198198198    1.648338554    1.639775553    1.558623623
    8.213213213    1.646391453    1.637873785    1.557224933
    8.228228228    1.644453083    1.635980447    1.555830979
    8.243243243    1.642523393    1.634095489    1.554441740
    8.258258258    1.640602329    1.632218861    1.553057198
    8.273273273    1.638689842    1.630350514    1.551677336
    8.288288288    1.636785878    1.628490399    1.550302133
    8.303303303    1.634890387    1.626638467    1.548931572
    8.318318318    1.633003318    1.624794670    1.547565634
    8.333333333    1.631124622    1.622958961    1.546204302
    8.348348348    1.629254248    1.621131290    1.544847556
    8.363363363    1.627392147    1.619311612    1.543495379
    8.378378378    1.625538270    1.617499880    1.542147752
    8.393393393    1.623692568    1.615696046    1.540804658
    8.408408408    1.621854992    1.613900065    1.539466079
    8.423423423    1.620025495    1.612111891    1.538131997
    8.438438438    1.618204029    1.610331479    1.536802394
    8.453453453    1.616390546    1.608558783    1.535477252
    8.468468468    1.614585001    1.606793758    1.534156554
    8.483483483    1.612787345    1.605036361    1.532840282
    8.498498498    1.610997534    1.603286546    1.531528418
    8.513513514    1.609215520    1.601544270    1.530220946
    8.528528529    1.607441259    1.599809489    1.528917848
    8.543543544    1.605674705    1.598082161    1.527619106
    8.558558559    1.603915813    1.596362242    1.526324704
    8.573573574    1.602164538    1.594649690    1.525034623
    8.588588589    1.600420838    1.592944462    1.523748849
    8.603603604    1.598684666    1.591246516    1.522467362
    8.618618619    1.596955981    1.589555812    1.521190146
    8.633633634    1.595234738    1.587872306    1.519917185
    8.648648649    1.593520895    1.586195959    1.518648461
    8.663663664    1.591814409    1.584526730    1.517383958
    8.678678679    1.590115237    1.582864578    1.516123660
    8.693693694    1.588423338    1.581209463    1.514867549
    8.708708709    1.586738670    1.579561344    1.513615609
    8.723723724    1.585061191    1.577920183    1.512367823
    8.738738739    1.583390861    1.576285940    1.511124176
    8.753753754    1.581727638    1.574658576    1.509884651
    8.768768769    1.580071482    1.573038052    1.508649231
    8.783783784    1.578422352    1.571424329    1.507417901
    8.798798799    1.576780210    1.569817370    1.506190644
    8.813813814    1.575145014    1.568217137    1.504967444
    8.828828829    1.573516726    1.566623591    1.503748286
    8.843843844    1.571895306    1.565036696    1.502533154
    8.858858859    1.570280716    1.563456413    1.501322030
    8.873873874    1.568672918    1.561882707    1.500114901
    8.888888889    1.567071872    1.560315541    1.498911749
    8.903903904    1.565477541    1.558754877    1.497712560
    8.918918919    1.563889887    1.557200681    1.496517318
    8.933933934    1.562308872    1.555652916    1.495326007
    8.948948949    1.560734460    1.554111547    1.494138612
    8.963963964    1.559166614    1.552576537    1.492955118
    8.978978979    1.557605296    1.551047853    1.491775508
    8.993993994    1.556050471    1.549525459    1.490599768
    9.009009009    1.554502102    1.548009320    1.489427883
    9.024024024    1.552960153    1.546499403    1.488259838
    9.039039039    1.551424589    1.544995672    1.487095616
    9.054054054    1.549895374    1.543498095    1.485935204
    9.069069069    1.548372473    1.542006637    1.484778587
    9.084084084    1.546855851    1.540521264    1.483625749
    9.099099099    1.545345474    1.539041944    1.482476676
    9.114114114    1.543841307    1.537568644    1.481331353
    9.129129129    1.542343315    1.536101331    1.480189765
    9.144144144    1.540851466    1.534639971    1.479051898
    9.159159159    1.539365724    1.533184534    1.477917737
    9.174174174    1.537886057    1.531734987    1.476787267
    9.189189189    1.536412432    1.530291297    1.475660475
    9.204204204    1.534944815    1.528853434    1.474537345
    9.219219219    1.533483174    1.527421365    1.473417863
    9.234234234    1.532027475    1.525995060    1.472302016
    9.249249249    1.530577687    1.524574488    1.471189788
    9.264264264    1.529133778    1.523159617    1.470081166
    9.279279279    1.527695715    1.521750418    1.468976136
    9.294294294    1.526263467    1.520346858    1.467874683
    9.309309309    1.524837003    1.518948910    1.466776794
    9.324324324    1.523416291    1.517556542    1.465682455
    9.339339339    1.522001300    1.516169724    1.464591651
    9.354354354    1.520591999    1.514788428    1.463504370
    9.369369369    1.519188358    1.513412623    1.462420596
    9.384384384    1.517790346    1.512042281    1.461340318
    9.399399399    1.516397933    1.510677372    1.460263520
    9.414414414    1.515011089    1.509317868    1.459190190
    9.429429429    1.513629785    1.507963740    1.458120314
    9.444444444    1.512253990    1.506614960    1.457053878
    9.459459459    1.510883675    1.505271499    1.455990869
    9.474474474    1.509518811    1.503933329    1.454931274
    9.489489489    1.508159369    1.502600423    1.453875079
    9.504504505    1.506805321    1.501272752    1.452822272
    9.519519520    1.505456637    1.499950290    1.451772839
    9.534534535    1.504113289    1.498633009    1.450726766
    9.549549550    1.502775249    1.497320882    1.449684042
    9.564564565    1.501442489    1.496013881    1.448644652
    9.579579580    1.500114981    1.494711981    1.447608584
    9.594594595    1.498792697    1.493415154    1.446575826
    9.609609610    1.497475610    1.492123375    1.445546363
    9.624624625    1.496163692    1.490836616    1.444520184
    9.639639640    1.494856917    1.489554852    1.443497276
    9.654654655    1.493555257    1.488278057    1.442477626
    9.669669670    1.492258685    1.487006205    1.441461221
    9.684684685    1.490967176    1.485739270    1.440448049
    9.699699700    1.489680702    1.484477227    1.439438097
    9.714714715    1.488399238    1.483220052    1.438431353
    9.729729730    1.487122756    1.481967718    1.437427804
    9.744744745    1.485851233    1.480720201    1.436427439
    9.759759760    1.484584640    1.479477477    1.435430245
    9.774774775    1.483322954    1.478239519    1.434436209
    9.789789790    1.482066148    1.477006305    1.433445319
    9.804804805    1.480814198    1.475777810    1.432457564
    9.819819820    1.479567078    1.474554010    1.431472930
    9.834834835    1.478324764    1.473334880    1.430491407
    9.849849850    1.477087230    1.472120397    1.429512982
    9.864864865    1.475854452    1.470910538    1.428537643
    9.879879880    1.474626406    1.469705278    1.427565379
    9.894894895    1.473403067    1.468504595    1.426596176
    9.909909910    1.472184412    1.467308465    1.425630025
    9.924924925    1.470970416    1.466116865    1.424666912
    9.939939940    1.469761055    1.464929772    1.423706827
    9.954954955    1.468556306    1.463747164    1.422749757
    9.969969970    1.467356145    1.462569017    1.421795691
    9.984984985    1.466160550    1.461395310    1.420844618
   10.000000000    1.464969496    1.460226021    1.419896525
   10.015015015    1.463782961    1.459061126    1.418951403
   10.030030030    1.462600922    1.457900603    1.418009238
   10.045045045    1.461423356    1.456744432    1.417070020
   10.060060060    1.460250241    1.455592590    1.416133738
   10.075075075    1.459081553    1.454445055    1.415200380
   10.090090090    1.457917271    1.453301806    1.414269935
   10.105105105    1.456757373    1.452162822    1.413342392
   10.120120120    1.455601836    1.451028081    1.412417740
   10.135135135    1.454450639    1.449897563    1.411495968
   10.150150150    1.453303759    1.448771246    1.410577064
   10.165165165    1.452161176    1.447649109    1.409661018
   10.180180180    1.451022867    1.446531132    1.408747820
   10.195195195    1.449888812    1.445417294    1.407837457
   10.210210210    1.448758989    1.444307575    1.406929919
   10.225225225    1.447633377    1.443201955    1.406025196
   10.240240240    1.446511955    1.442100412    1.405123277
   10.255255255    1.445394702    1.441002928    1.404224151
   10.270270270    1.444281597    1.439909482    1.403327807
   10.285285285    1.443172621    1.438820054    1.402434235
   10.300300300    1.442067752    1.437734626    1.401543424
   10.315315315    1.440966971    1.436653176    1.400655364
   10.330330330    1.439870256    1.435575685    1.399770045
   10.345345345    1.438777589    1.434502136    1.398887455
   10.360360360    1.437688949    1.433432507    1.398007585
   10.375375375    1.436604315    1.432366780    1.397130424
   10.390390390    1.435523670    1.431304936    1.396255962
   10.405405405    1.434446992    1.430246956    1.395384189
   10.420420420    1.433374263    1.429192822    1.394515094
   10.435435435    1.432305464    1.428142514    1.393648668
   10.450450450    1.431240574    1.427096015    1.392784900
   10.465465465    1.430179575    1.426053305    1.391923781
   10.480480480    1.429122449    1.425014367    1.391065299
   10.495495495    1.428069175    1.423979182    1.390209446
   10.510510511    1.427019736    1.422947733    1.389356211
   10.525525526    1.425974112    1.421920000    1.388505585
   10.540540541    1.424932286    1.420895967    1.387657557
   10.555555556    1.423894239    1.419875616    1.386812118
   10.570570571    1.422859952    1.418858929    1.385969258
   10.585585586    1.421829408    1.417845888    1.385128967
   10.600600601    1.420802588    1.416836476    1.384291236
   10.615615616    1.419779475    1.415830676    1.383456055
   10.630630631    1.418760050    1.414828470    1.382623414
   10.645645646    1.417744295    1.413829842    1.381793304
   10.660660661    1.416732194    1.412834774    1.380965716
   10.675675676    1.415723729    1.411843249    1.380140639
   10.690690691    1.414718882    1.410855252    1.379318065
   10.705705706    1.413717636    1.409870763    1.378497984
   10.720720721    1.412719974    1.408889769    1.377680386
   10.735735736    1.411725878    1.407912251    1.376865263
   10.750750751    1.410735332    1.406938193    1.376052605
   10.765765766    1.409748318    1.405967579    1.375242403
   10.780780781    1.408764821    1.405000393    1.374434647
   10.795795796    1.407784823    1.404036619    1.373629329
   10.810810811    1.406808307    1.403076240    1.372826439
   10.825825826    1.405835258    1.402119241    1.372025969
   10.840840841    1.404865658    1.401165606    1.371227909
   10.855855856    1.403899492    1.400215319    1.370432250
   10.870870871    1.402936743    1.399268364    1.369638984
   10.885885886    1.401977395    1.398324727    1.368848100
   10.900900901    1.401021433    1.397384390    1.368059592
   10.915915916    1.400068839    1.396447340    1.367273449
   10.930930931    1.399119599    1.395513560    1.366489663
   10.945945946    1.398173697    1.394583036    1.365708225
   10.960960961    1.397231116    1.393655752    1.364929126
   10.975975976    1.396291842    1.392731694    1.364152358
   10.990990991    1.395355859    1.391810846    1.363377912
   11.006006006    1.394423152    1.390893194    1.362605779
   11.021021021    1.393493705    1.389978722    1.361835951
   11.036036036    1.392567503    1.389067417    1.361068420
   11.051051051    1.391644531    1.388159263    1.360303176
   11.066066066    1.390724774    1.387254246    1.359540211
   11.081081081    1.389808218    1.386352352    1.358779517
   11.096096096    1.388894846    1.385453566    1.358021085
   11.111111111    1.387984646    1.384557873    1.357264907
   11.126126126    1.387077601    1.383665261    1.356510975
   11.141141141    1.386173697    1.382775715    1.355759281
   11.156156156    1.385272921    1.381889220    1.355009815
   11.171171171    1.384375257    1.381005763    1.354262571
   11.186186186    1.383480691    1.380125329    1.353517539
   11.201201201    1.382589209    1.379247906    1.352774711
   11.216216216    1.381700796    1.378373480    1.352034080
   11.231231231    1.380815439    1.377502036    1.351295637
   11.246246246    1.379933124    1.376633561    1.350559375
   11.261261261    1.379053837    1.375768043    1.349825285
   11.276276276    1.378177563    1.374905466    1.349093358
   11.291291291    1.377304290    1.374045819    1.348363589
   11.306306306    1.376434003    1.373189088    1.347635967
   11.321321321    1.375566689    1.372335259    1.346910486
   11.336336336    1.374702335    1.371484320    1.346187138
   11.351351351    1.373840926    1.370636258    1.345465914
   11.366366366    1.372982450    1.369791059    1.344746808
   11.381381381    1.372126893    1.368948711    1.344029810
   11.396396396    1.371274242    1.368109201    1.343314914
   11.411411411    1.370424484    1.367272517    1.342602113
   11.426426426    1.369577606    1.366438645    1.341891397
   11.441441441    1.368733594    1.365607573    1.341182759
   11.456456456    1.367892437    1.364779289    1.340476193
   11.471471471    1.367054120    1.363953780    1.339771690
   11.486486486    1.366218632    1.363131033    1.339069243
   11.501501502    1.365385960    1.362311037    1.338368845
   11.516516517    1.364556090    1.361493780    1.337670487
   11.531531532    1.363729011    1.360679248    1.336974162
   11.546546547    1.362904710    1.359867431    1.336279864
   11.561561562    1.362083175    1.359058315    1.335587585
   11.576576577    1.361264392    1.358251889    1.334897316
   11.591591592    1.360448351    1.357448142    1.334209052
   11.606606607    1.359635038    1.356647061    1.333522785
   11.621621622    1.358824442    1.355848634    1.332838507
   11.636636637    1.358016550    1.355052850    1.332156211
   11.651651652    1.357211351    1.354259697    1.331475891
   11.666666667    1.356408832    1.353469164    1.330797538
   11.681681682    1.355608982    1.352681239    1.330121147
   11.696696697    1.354811789    1.351895911    1.329446709
   11.711711712    1.354017241    1.351113168    1.328774217
   11.726726727    1.353225326    1.350332999    1.328103666
   11.741741742    1.352436033    1.349555393    1.327435047
   11.756756757    1.351649351    1.348780338    1.326768353
   11.771771772    1.350865267    1.348007824    1.326103578
   11.786786787    1.350083771    1.347237839    1.325440715
   11.801801802    1.349304851    1.346470373    1.324779757
   11.816816817    1.348528495    1.345705414    1.324120697
   11.831831832    1.347754693    1.344942951    1.323463528
   11.846846847    1.346983434    1.344182974    1.322808244
   11.861861862    1.346214705    1.343425472    1.322154837
   11.876876877    1.345448497    1.342670434    1.321503300
   11.891891892    1.344684798    1.341917850    1.320853628
   11.906906907    1.343923598    1.341167709    1.320205814
   11.921921922    1.343164884    1.340420000    1.319559850
   11.936936937    1.342408648    1.339674713    1.318915730
   11.951951952    1.341654877    1.338931838    1.318273448
   11.966966967    1.340903561    1.338191364    1.317632996
   11.981981982    1.340154690    1.337453280    1.316994370
   11.996996997    1.339408253    1.336717578    1.316357560
   12.012012012    1.338664239    1.335984245    1.315722563
   12.027027027    1.337922639    1.335253273    1.315089370
   12.042042042    1.337183441    1.334524651    1.314457975
   12.057057057    1.336446635    1.333798369    1.313828373
   12.072072072    1.335712211    1.333074418    1.313200556
   12.087087087    1.334980159    1.332352786    1.312574519
   12.102102102    1.334250468    1.331633465    1.311950254
   12.117117117    1.333523129    1.330916444    1.311327756
   12.132132132    1.332798131    1.330201714    1.310707018
   12.147147147    1.332075465    1.329489265    1.310088035
   12.162162162    1.331355119    1.328779087    1.309470799
   12.177177177    1.330637086    1.328071172    1.308855305
   12.192192192    1.329921354    1.327365508    1.308241546
   12.207207207    1.329207913    1.326662087    1.307629517
   12.222222222    1.328496755    1.325960899    1.307019210
   12.237237237    1.327787869    1.325261935    1.306410621
   12.252252252    1.327081246    1.324565185    1.305803743
   12.267267267    1.326376876    1.323870640    1.305198569
   12.282282282    1.325674749    1.323178291    1.304595095
   12.297297297    1.324974857    1.322488129    1.303993313
   12.312312312    1.324277189    1.321800144    1.303393218
   12.327327327    1.323581736    1.321114328    1.302794804
   12.342342342    1.322888489    1.320430670    1.302198065
   12.357357357    1.322197439    1.319749163    1.301602995
   12.372372372    1.321508576    1.319069797    1.301009589
   12.387387387    1.320821891    1.318392564    1.300417840
   12.402402402    1.320137376    1.317717454    1.299827742
   12.417417417    1.319455020    1.317044458    1.299239290
   12.432432432    1.318774815    1.316373569    1.298652478
   12.447447447    1.318096752    1.315704776    1.298067300
   12.462462462    1.317420822    1.315038072    1.297483750
   12.477477477    1.316747015    1.314373447    1.296901823
   12.492492492    1.316075324    1.313710894    1.296321514
   12.507507508    1.315405739    1.313050402    1.295742815
   12.522522523    1.314738252    1.312391965    1.295165722
   12.537537538    1.314072854    1.311735574    1.294590230
   12.552552553    1.313409535    1.311081220    1.294016331
   12.567567568    1.312748288    1.310428894    1.293444022
   12.582582583    1.312089104    1.309778589    1.292873296
   12.597597598    1.311431975    1.309130295    1.292304148
   12.612612613    1.310776891    1.308484006    1.291736572
   12.627627628    1.310123844    1.307839712    1.291170563
   12.642642643    1.309472827    1.307197405    1.290606115
   12.657657658    1.308823830    1.306557078    1.290043224
   12.672672673    1.308176845    1.305918722    1.289481883
   12.687687688    1.307531865    1.305282329    1.288922086
   12.702702703    1.306888880    1.304647891    1.288363830
   12.717717718    1.306247883    1.304015400    1.287807108
   12.732732733    1.305608865    1.303384849    1.287251915
   12.747747748    1.304971818    1.302756228    1.286698246
   12.762762763    1.304336735    1.302129532    1.286146095
   12.777777778    1.303703607    1.301504751    1.285595458
   12.792792793    1.303072426    1.300881878    1.285046328
   12.807807808    1.302443184    1.300260905    1.284498702
   12.822822823    1.301815874    1.299641824    1.283952572
   12.837837838    1.301190487    1.299024629    1.283407935
   12.852852853    1.300567016    1.298409310    1.282864786
   12.867867868    1.299945453    1.297795862    1.282323118
   12.882882883    1.299325789    1.297184275    1.281782927
   12.897897898    1.298708019    1.296574543    1.281244209
   12.912912913    1.298092133    1.295966658    1.280706957
   12.927927928    1.297478124    1.295360613    1.280171166
   12.942942943    1.296865984    1.294756400    1.279636833
   12.957957958    1.296255707    1.294154013    1.279103951
   12.972972973    1.295647284    1.293553443    1.278572515
   12.987987988    1.295040707    1.292954683    1.278042522
   13.003003003    1.294435971    1.292357727    1.277513965
   13.018018018    1.293833066    1.291762567    1.276986840
   13.033033033    1.293231987    1.291169195    1.276461142
   13.048048048    1.292632725    1.290577605    1.275936866
   13.063063063    1.292035273    1.289987790    1.275414007
   13.078078078    1.291439623    1.289399743    1.274892561
   13.093093093    1.290845770    1.288813456    1.274372521
   13.108108108    1.290253705    1.288228922    1.273853885
   13.123123123    1.289663421    1.287646135    1.273336646
   13.138138138    1.289074912    1.287065088    1.272820801
   13.153153153    1.288488170    1.286485773    1.272306344
   13.168168168    1.287903187    1.285908185    1.271793270
   13.183183183    1.287319958    1.285332316    1.271281575
   13.198198198    1.286738476    1.284758159    1.270771255
   13.213213213    1.286158732    1.284185707    1.270262304
   13.228228228    1.285580721    1.283614955    1.269754718
   13.243243243    1.285004435    1.283045894    1.269248492
   13.258258258    1.284429868    1.282478519    1.268743621
   13.273273273    1.283857012    1.281912823    1.268240102
   13.288288288    1.283285862    1.281348800    1.267737929
   13.303303303    1.282716410    1.280786442    1.267237097
   13.318318318    1.282148650    1.280225744    1.266737603
   13.333333333    1.281582574    1.279666698    1.266239442
   13.348348348    1.281018177    1.279109299    1.265742609
   13.363363363    1.280455452    1.278553539    1.265247100
   13.378378378    1.279894392    1.277999413    1.264752909
   13.393393393    1.279334990    1.277446915    1.264260034
   13.408408408    1.278777241    1.276896037    1.263768469
   13.423423423    1.278221137    1.276346773    1.263278210
   13.438438438    1.277666673    1.275799118    1.262789253
   13.453453453    1.277113842    1.275253065    1.262301592
   13.468468468    1.276562636    1.274708608    1.261815225
   13.483483483    1.276013051    1.274165740    1.261330145
   13.498498498    1.275465080    1.273624456    1.260846350
   13.513513514    1.274918717    1.273084749    1.260363835
   13.528528529    1.274373954    1.272546613    1.259882595
   13.543543544    1.273830787    1.272010043    1.259402626
   13.558558559    1.273289208    1.271475031    1.258923924
   13.573573574    1.272749212    1.270941573    1.258446485
   13.588588589    1.272210793    1.270409662    1.257970304
   13.603603604    1.271673944    1.269879293    1.257495378
   13.618618619    1.271138660    1.269350459    1.257021701
   13.633633634    1.270604934    1.268823154    1.256549270
   13.648648649    1.270072760    1.268297373    1.256078081
   13.663663664    1.269542133    1.267773109    1.255608129
   13.678678679    1.269013046    1.267250358    1.255139411
   13.693693694    1.268485493    1.266729112    1.254671922
   13.708708709    1.267959469    1.266209367    1.254205658
   13.723723724    1.267434968    1.265691117    1.253740615
   13.738738739    1.266911983    1.265174356    1.253276790
   13.753753754    1.266390510    1.264659078    1.252814177
   13.768768769    1.265870542    1.264145278    1.252352773
   13.783783784    1.265352073    1.263632951    1.251892574
   13.798798799    1.264835098    1.263122089    1.251433576
   13.813813814    1.264319612    1.262612689    1.250975775
   13.828828829    1.263805607    1.262104744    1.250519166
   13.843843844    1.263293080    1.261598249    1.250063747
   13.858858859    1.262782023    1.261093198    1.249609513
   13.873873874    1.262272432    1.260589586    1.249156459
   13.888888889    1.261764301    1.260087408    1.248704583
   13.903903904    1.261257624    1.259586658    1.248253881
   13.918918919    1.260752397    1.259087331    1.247804347
   13.933933934    1.260248612    1.258589422    1.247355980
   13.948948949    1.259746266    1.258092924    1.246908774
   13.963963964    1.259245352    1.257597833    1.246462725
   13.978978979    1.258745865    1.257104144    1.246017831
   13.993993994    1.258247800    1.256611851    1.245574087
   14.009009009    1.257751152    1.256120949    1.245131490
   14.024024024    1.257255914    1.255631433    1.244690035
   14.039039039    1.256762082    1.255143298    1.244249720
   14.054054054    1.256269650    1.254656538    1.243810539
   14.069069069    1.255778614    1.254171148    1.243372490
   14.084084084    1.255288967    1.253687124    1.242935568
   14.099099099    1.254800706    1.253204460    1.242499771
   14.114114114    1.254313823    1.252723151    1.242065094
   14.129129129    1.253828316    1.252243192    1.241631534
   14.144144144    1.253344177    1.251764578    1.241199086
   14.159159159    1.252861402    1.251287305    1.240767748
   14.174174174    1.252379987    1.250811366    1.240337516
   14.189189189    1.251899925    1.250336758    1.239908386
   14.204204204    1.251421212    1.249863474    1.239480354
   14.219219219    1.250943844    1.249391512    1.239053418
   14.234234234    1.250467814    1.248920864    1.238627573
   14.249249249    1.249993118    1.248451528    1.238202815
   14.264264264    1.249519751    1.247983497    1.237779142
   14.279279279    1.249047708    1.247516767    1.237356550
   14.294294294    1.248576984    1.247051333    1.236935034
   14.309309309    1.248107574    1.246587191    1.236514593
   14.324324324    1.247639474    1.246124336    1.236095222
   14.339339339    1.247172678    1.245662762    1.235676917
   14.354354354    1.246707183    1.245202466    1.235259676
   14.369369369    1.246242982    1.244743442    1.234843494
   14.384384384    1.245780071    1.244285687    1.234428369
   14.399399399    1.245318446    1.243829194    1.234014297
   14.414414414    1.244858101    1.243373961    1.233601275
   14.429429429    1.244399032    1.242919981    1.233189298
   14.444444444    1.243941235    1.242467251    1.232778365
   14.459459459    1.243484704    1.242015766    1.232368471
   14.474474474    1.243029436    1.241565522    1.231959613
   14.489489489    1.242575425    1.241116513    1.231551787
   14.504504505    1.242122666    1.240668736    1.231144991
   14.519519520    1.241671156    1.240222186    1.230739221
   14.534534535    1.241220889    1.239776858    1.230334474
   14.549549550    1.240771862    1.239332749    1.229930746
   14.564564565    1.240324069    1.238889853    1.229528035
   14.579579580    1.239877507    1.238448167    1.229126336
   14.594594595    1.239432170    1.238007685    1.228725647
   14.609609610    1.238988054    1.237568404    1.228325964
   14.624624625    1.238545155    1.237130320    1.227927285
   14.639639640    1.238103468    1.236693427    1.227529605
   14.654654655    1.237662990    1.236257722    1.227132923
   14.669669670    1.237223714    1.235823201    1.226737234
   14.684684685    1.236785639    1.235389858    1.226342535
   14.699699700    1.236348758    1.234957691    1.225948823
   14.714714715    1.235913067    1.234526694    1.225556096
   14.729729730    1.235478563    1.234096864    1.225164349
   14.744744745    1.235045241    1.233668196    1.224773580
   14.759759760    1.234613097    1.233240686    1.224383786
   14.774774775    1.234182126    1.232814331    1.223994963
   14.789789790    1.233752324    1.232389125    1.223607109
   14.804804805    1.233323688    1.231965065    1.223220220
   14.819819820    1.232896213    1.231542147    1.222834294
   14.834834835    1.232469894    1.231120367    1.222449326
   14.849849850    1.232044728    1.230699720    1.222065315
   14.864864865    1.231620710    1.230280202    1.221682257
   14.879879880    1.231197837    1.229861811    1.221300149
   14.894894895    1.230776104    1.229444541    1.220918988
   14.909909910    1.230355508    1.229028388    1.220538771
   14.924924925    1.229936043    1.228613350    1.220159496
   14.939939940    1.229517707    1.228199420    1.219781158
   14.954954955    1.229100495    1.227786597    1.219403756
   14.969969970    1.228684403    1.227374876    1.219027285
   14.984984985    1.228269427    1.226964252    1.218651744
   15.000000000    1.227855563    1.226554723    1.218277130
