# energy grid [eV]     JDOS [1/eV]
#
    0.000000000    0.000159379
    0.015015015    0.000160369
    0.030030030    0.000161374
    0.045045045    0.000162396
    0.060060060    0.000163435
    0.075075075    0.000164492
    0.090090090    0.000165566
    0.105105105    0.000166658
    0.120120120    0.000167770
    0.135135135    0.000168901
    0.150150150    0.000170052
    0.165165165    0.000171225
    0.180180180    0.000172419
    0.195195195    0.000173636
    0.210210210    0.000174876
    0.225225225    0.000176140
    0.240240240    0.000177429
    0.255255255    0.000178744
    0.270270270    0.000180087
    0.285285285    0.000181457
    0.300300300    0.000182857
    0.315315315    0.000184287
    0.330330330    0.000185749
    0.345345345    0.000187244
    0.360360360    0.000188774
    0.375375375    0.000190340
    0.390390390    0.000191944
    0.405405405    0.000193588
    0.420420420    0.000195274
    0.435435435    0.000197005
    0.450450450    0.000198781
    0.465465465    0.000200607
    0.480480480    0.000202484
    0.495495495    0.000204417
    0.510510511    0.000206407
    0.525525526    0.000208460
    0.540540541    0.000210579
    0.555555556    0.000212769
    0.570570571    0.000215035
    0.585585586    0.000217383
    0.600600601    0.000219818
    0.615615616    0.000222350
    0.630630631    0.000224986
    0.645645646    0.000227736
    0.660660661    0.000230610
    0.675675676    0.000233623
    0.690690691    0.000236790
    0.705705706    0.000240127
    0.720720721    0.000243657
    0.735735736    0.000247405
    0.750750751    0.000251400
    0.765765766    0.000255679
    0.780780781    0.000260285
    0.795795796    0.000265268
    0.810810811    0.000270685
    0.825825826    0.000276599
    0.840840841    0.000283074
    0.855855856    0.000290163
    0.870870871    0.000297892
    0.885885886    0.000306234
    0.900900901    0.000315096
    0.915915916    0.000324304
    0.930930931    0.000333630
    0.945945946    0.000342826
    0.960960961    0.000351688
    0.975975976    0.000360138
    0.990990991    0.000368285
    1.006006006    0.000376421
    1.021021021    0.000384924
    1.036036036    0.000394123
    1.051051051    0.000404209
    1.066066066    0.000415252
    1.081081081    0.000427256
    1.096096096    0.000440200
    1.111111111    0.000454022
    1.126126126    0.000468595
    1.141141141    0.000483767
    1.156156156    0.000499457
    1.171171171    0.000515753
    1.186186186    0.000532925
    1.201201201    0.000551349
    1.216216216    0.000571373
    1.231231231    0.000593198
    1.246246246    0.000616841
    1.261261261    0.000642189
    1.276276276    0.000669059
    1.291291291    0.000697226
    1.306306306    0.000726456
    1.321321321    0.000756597
    1.336336336    0.000787711
    1.351351351    0.000820141
    1.366366366    0.000854438
    1.381381381    0.000891157
    1.396396396    0.000930582
    1.411411411    0.000972521
    1.426426426    0.001016252
    1.441441441    0.001060728
    1.456456456    0.001104961
    1.471471471    0.001148424
    1.486486486    0.001191268
    1.501501502    0.001234267
    1.516516517    0.001278522
    1.531531532    0.001325074
    1.546546547    0.001374658
    1.561561562    0.001427696
    1.576576577    0.001484388
    1.591591592    0.001544691
    1.606606607    0.001608091
    1.621621622    0.001673365
    1.636636637    0.001738576
    1.651651652    0.001801334
    1.666666667    0.001859237
    1.681681682    0.001910426
    1.696696697    0.001954108
    1.711711712    0.001990795
    1.726726727    0.002022075
    1.741741742    0.002050063
    1.756756757    0.002076756
    1.771771772    0.002103546
    1.786786787    0.002130982
    1.801801802    0.002158784
    1.816816817    0.002186077
    1.831831832    0.002211800
    1.846846847    0.002235046
    1.861861862    0.002255152
    1.876876877    0.002271671
    1.891891892    0.002284431
    1.906906907    0.002293672
    1.921921922    0.002300102
    1.936936937    0.002304823
    1.951951952    0.002309236
    1.966966967    0.002314997
    1.981981982    0.002323934
    1.996996997    0.002337841
    2.012012012    0.002358183
    2.027027027    0.002385850
    2.042042042    0.002421074
    2.057057057    0.002463566
    2.072072072    0.002512870
    2.087087087    0.002568726
    2.102102102    0.002631123
    2.117117117    0.002699888
    2.132132132    0.002774140
    2.147147147    0.002852057
    2.162162162    0.002931119
    2.177177177    0.003008543
    2.192192192    0.003081631
    2.207207207    0.003148083
    2.222222222    0.003206400
    2.237237237    0.003256240
    2.252252252    0.003298340
    2.267267267    0.003333974
    2.282282282    0.003364361
    2.297297297    0.003390391
    2.312312312    0.003412711
    2.327327327    0.003432049
    2.342342342    0.003449646
    2.357357357    0.003467590
    2.372372372    0.003488733
    2.387387387    0.003516023
    2.402402402    0.003551554
    2.417417417    0.003595974
    2.432432432    0.003648589
    2.447447447    0.003707873
    2.462462462    0.003771951
    2.477477477    0.003838756
    2.492492492    0.003905738
    2.507507508    0.003969264
    2.522522523    0.004024447
    2.537537538    0.004066131
    2.552552553    0.004090850
    2.567567568    0.004098446
    2.582582583    0.004092210
    2.597597598    0.004077517
    2.612612613    0.004059908
    2.627627628    0.004043722
    2.642642643    0.004031736
    2.657657658    0.004025504
    2.672672673    0.004025731
    2.687687688    0.004032436
    2.702702703    0.004045061
    2.717717718    0.004062673
    2.732732733    0.004084154
    2.747747748    0.004108373
    2.762762763    0.004134346
    2.777777778    0.004161264
    2.792792793    0.004188470
    2.807807808    0.004215663
    2.822822823    0.004243260
    2.837837838    0.004272424
    2.852852853    0.004304551
    2.867867868    0.004340661
    2.882882883    0.004381132
    2.897897898    0.004425761
    2.912912913    0.004473839
    2.927927928    0.004524284
    2.942942943    0.004575925
    2.957957958    0.004627927
    2.972972973    0.004680055
    2.987987988    0.004732467
    3.003003003    0.004785128
    3.018018018    0.004837431
    3.033033033    0.004888445
    3.048048048    0.004937480
    3.063063063    0.004984351
    3.078078078    0.005029083
    3.093093093    0.005071347
    3.108108108    0.005110125
    3.123123123    0.005143912
    3.138138138    0.005171451
    3.153153153    0.005192637
    3.168168168    0.005209041
    3.183183183    0.005223532
    3.198198198    0.005239138
    3.213213213    0.005257952
    3.228228228    0.005280894
    3.243243243    0.005308213
    3.258258258    0.005339910
    3.273273273    0.005375563
    3.288288288    0.005413847
    3.303303303    0.005452334
    3.318318318    0.005487876
    3.333333333    0.005517503
    3.348348348    0.005539500
    3.363363363    0.005554125
    3.378378378    0.005563578
    3.393393393    0.005571254
    3.408408408    0.005580658
    3.423423423    0.005594522
    3.438438438    0.005614551
    3.453453453    0.005641793
    3.468468468    0.005676946
    3.483483483    0.005720011
    3.498498498    0.005769738
    3.513513514    0.005823746
    3.528528529    0.005879381
    3.543543544    0.005934599
    3.558558559    0.005988470
    3.573573574    0.006041361
    3.588588589    0.006094749
    3.603603604    0.006150511
    3.618618619    0.006209943
    3.633633634    0.006273060
    3.648648649    0.006338555
    3.663663664    0.006404265
    3.678678679    0.006467695
    3.693693694    0.006526462
    3.708708709    0.006578881
    3.723723724    0.006624659
    3.738738739    0.006665084
    3.753753754    0.006702354
    3.768768769    0.006738631
    3.783783784    0.006775717
    3.798798799    0.006815420
    3.813813814    0.006859727
    3.828828829    0.006910255
    3.843843844    0.006967443
    3.858858859    0.007030261
    3.873873874    0.007096536
    3.888888889    0.007163539
    3.903903904    0.007228447
    3.918918919    0.007288645
    3.933933934    0.007341924
    3.948948949    0.007386665
    3.963963964    0.007422134
    3.978978979    0.007448921
    3.993993994    0.007469232
    4.009009009    0.007486549
    4.024024024    0.007504652
    4.039039039    0.007526585
    4.054054054    0.007554238
    4.069069069    0.007588651
    4.084084084    0.007630498
    4.099099099    0.007680175
    4.114114114    0.007737597
    4.129129129    0.007802243
    4.144144144    0.007873456
    4.159159159    0.007950461
    4.174174174    0.008031847
    4.189189189    0.008115097
    4.204204204    0.008196760
    4.219219219    0.008273170
    4.234234234    0.008341187
    4.249249249    0.008398811
    4.264264264    0.008445743
    4.279279279    0.008483586
    4.294294294    0.008515311
    4.309309309    0.008544262
    4.324324324    0.008573504
    4.339339339    0.008605900
    4.354354354    0.008644353
    4.369369369    0.008691464
    4.384384384    0.008748621
    4.399399399    0.008815148
    4.414414414    0.008888045
    4.429429429    0.008962494
    4.444444444    0.009032975
    4.459459459    0.009094467
    4.474474474    0.009143216
    4.489489489    0.009177214
    4.504504505    0.009196780
    4.519519520    0.009204873
    4.534534535    0.009206422
    4.549549550    0.009206905
    4.564564565    0.009211088
    4.579579580    0.009222362
    4.594594595    0.009242442
    4.609609610    0.009271297
    4.624624625    0.009307372
    4.639639640    0.009348285
    4.654654655    0.009391878
    4.669669670    0.009437187
    4.684684685    0.009484771
    4.699699700    0.009536140
    4.714714715    0.009592737
    4.729729730    0.009655357
    4.744744745    0.009724387
    4.759759760    0.009800513
    4.774774775    0.009885194
    4.789789790    0.009980502
    4.804804805    0.010088487
    4.819819820    0.010210558
    4.834834835    0.010347103
    4.849849850    0.010497143
    4.864864865    0.010657940
    4.879879880    0.010824788
    4.894894895    0.010991245
    4.909909910    0.011149593
    4.924924925    0.011291280
    4.939939940    0.011407453
    4.954954955    0.011489913
    4.969969970    0.011532530
    4.984984985    0.011532598
    5.000000000    0.011491459
    5.015015015    0.011414188
    5.030030030    0.011308568
    5.045045045    0.011183825
    5.060060060    0.011049611
    5.075075075    0.010915359
    5.090090090    0.010789686
    5.105105105    0.010679547
    5.120120120    0.010589248
    5.135135135    0.010519941
    5.150150150    0.010469925
    5.165165165    0.010435465
    5.180180180    0.010411691
    5.195195195    0.010393366
    5.210210210    0.010375555
    5.225225225    0.010354327
    5.240240240    0.010327608
    5.255255255    0.010295885
    5.270270270    0.010262140
    5.285285285    0.010230725
    5.300300300    0.010205694
    5.315315315    0.010189568
    5.330330330    0.010183118
    5.345345345    0.010185797
    5.360360360    0.010196236
    5.375375375    0.010212518
    5.390390390    0.010232495
    5.405405405    0.010254415
    5.420420420    0.010277772
    5.435435435    0.010303711
    5.450450450    0.010334614
    5.465465465    0.010373303
    5.480480480    0.010422444
    5.495495495    0.010484108
    5.510510511    0.010559057
    5.525525526    0.010645842
    5.540540541    0.010740463
    5.555555556    0.010837148
    5.570570571    0.010929890
    5.585585586    0.011013873
    5.600600601    0.011086203
    5.615615616    0.011145991
    5.630630631    0.011194052
    5.645645646    0.011232374
    5.660660661    0.011263575
    5.675675676    0.011290577
    5.690690691    0.011316327
    5.705705706    0.011343085
    5.720720721    0.011371374
    5.735735736    0.011399490
    5.750750751    0.011424350
    5.765765766    0.011443236
    5.780780781    0.011454948
    5.795795796    0.011459514
    5.810810811    0.011457287
    5.825825826    0.011448760
    5.840840841    0.011435330
    5.855855856    0.011420017
    5.870870871    0.011407285
    5.885885886    0.011401924
    5.900900901    0.011407699
    5.915915916    0.011426490
    5.930930931    0.011458061
    5.945945946    0.011500282
    5.960960961    0.011549792
    5.975975976    0.011603041
    5.990990991    0.011657293
    6.006006006    0.011711036
    6.021021021    0.011763571
    6.036036036    0.011814015
    6.051051051    0.011860428
    6.066066066    0.011899817
    6.081081081    0.011929052
    6.096096096    0.011945984
    6.111111111    0.011949993
    6.126126126    0.011941729
    6.141141141    0.011922230
    6.156156156    0.011891925
    6.171171171    0.011850272
    6.186186186    0.011796546
    6.201201201    0.011731363
    6.216216216    0.011657778
    6.231231231    0.011581102
    6.246246246    0.011507664
    6.261261261    0.011443370
    6.276276276    0.011392723
    6.291291291    0.011358425
    6.306306306    0.011341185
    6.321321321    0.011339466
    6.336336336    0.011349625
    6.351351351    0.011366963
    6.366366366    0.011387285
    6.381381381    0.011407993
    6.396396396    0.011428304
    6.411411411    0.011448937
    6.426426426    0.011471632
    6.441441441    0.011498585
    6.456456456    0.011531785
    6.471471471    0.011572329
    6.486486486    0.011619932
    6.501501502    0.011672837
    6.516516517    0.011728190
    6.531531532    0.011782795
    6.546546547    0.011834031
    6.561561562    0.011880561
    6.576576577    0.011922464
    6.591591592    0.011960661
    6.606606607    0.011995932
    6.621621622    0.012028241
    6.636636637    0.012056808
    6.651651652    0.012080628
    6.666666667    0.012098969
    6.681681682    0.012111740
    6.696696697    0.012119753
    6.711711712    0.012124831
    6.726726727    0.012129709
    6.741741742    0.012137621
    6.756756757    0.012151471
    6.771771772    0.012172945
    6.786786787    0.012202247
    6.801801802    0.012238822
    6.816816817    0.012282505
    6.831831832    0.012333959
    6.846846847    0.012393931
    6.861861862    0.012462003
    6.876876877    0.012536063
    6.891891892    0.012612990
    6.906906907    0.012689921
    6.921921922    0.012765280
    6.936936937    0.012839270
    6.951951952    0.012913729
    6.966966967    0.012991191
    6.981981982    0.013073499
    6.996996997    0.013160791
    7.012012012    0.013251284
    7.027027027    0.013341713
    7.042042042    0.013428323
    7.057057057    0.013508255
    7.072072072    0.013580585
    7.087087087    0.013646170
    7.102102102    0.013706518
    7.117117117    0.013762786
    7.132132132    0.013815672
    7.147147147    0.013866042
    7.162162162    0.013915575
    7.177177177    0.013966730
    7.192192192    0.014021915
    7.207207207    0.014082412
    7.222222222    0.014147730
    7.237237237    0.014215685
    7.252252252    0.014283128
    7.267267267    0.014346979
    7.282282282    0.014404999
    7.297297297    0.014455844
    7.312312312    0.014498456
    7.327327327    0.014531329
    7.342342342    0.014552433
    7.357357357    0.014560132
    7.372372372    0.014554592
    7.387387387    0.014538511
    7.402402402    0.014516256
    7.417417417    0.014491647
    7.432432432    0.014465847
    7.447447447    0.014436823
    7.462462462    0.014400604
    7.477477477    0.014353385
    7.492492492    0.014293280
    7.507507508    0.014220981
    7.522522523    0.014139482
    7.537537538    0.014053489
    7.552552553    0.013968726
    7.567567568    0.013890934
    7.582582583    0.013824764
    7.597597598    0.013773138
    7.612612613    0.013737077
    7.627627628    0.013715722
    7.642642643    0.013706712
    7.657657658    0.013707117
    7.672672673    0.013714631
    7.687687688    0.013728406
    7.702702703    0.013749283
    7.717717718    0.013779486
    7.732732733    0.013821988
    7.747747748    0.013879812
    7.762762763    0.013955387
    7.777777778    0.014049922
    7.792792793    0.014162871
    7.807807808    0.014291768
    7.822822823    0.014432780
    7.837837838    0.014581847
    7.852852853    0.014735613
    7.867867868    0.014891322
    7.882882883    0.015045949
    7.897897898    0.015195860
    7.912912913    0.015337538
    7.927927928    0.015468574
    7.942942943    0.015588080
    7.957957958    0.015696747
    7.972972973    0.015796856
    7.987987988    0.015891810
    8.003003003    0.015984873
    8.018018018    0.016077662
    8.033033033    0.016169560
    8.048048048    0.016258839
    8.063063063    0.016344734
    8.078078078    0.016428539
    8.093093093    0.016512609
    8.108108108    0.016598101
    8.123123123    0.016683234
    8.138138138    0.016763417
    8.153153153    0.016833287
    8.168168168    0.016889330
    8.183183183    0.016931404
    8.198198198    0.016962430
    8.213213213    0.016986898
    8.228228228    0.017009479
    8.243243243    0.017034478
    8.258258258    0.017065776
    8.273273273    0.017106486
    8.288288288    0.017158378
    8.303303303    0.017221857
    8.318318318    0.017296605
    8.333333333    0.017382250
    8.348348348    0.017478388
    8.363363363    0.017584000
    8.378378378    0.017696931
    8.393393393    0.017814137
    8.408408408    0.017932753
    8.423423423    0.018051103
    8.438438438    0.018168483
    8.453453453    0.018283834
    8.468468468    0.018394805
    8.483483483    0.018498369
    8.498498498    0.018592255
    8.513513514    0.018675646
    8.528528529    0.018748432
    8.543543544    0.018809791
    8.558558559    0.018857472
    8.573573574    0.018888574
    8.588588589    0.018901317
    8.603603604    0.018896308
    8.618618619    0.018876300
    8.633633634    0.018845082
    8.648648649    0.018806868
    8.663663664    0.018766587
    8.678678679    0.018730302
    8.693693694    0.018704774
    8.708708709    0.018695866
    8.723723724    0.018706472
    8.738738739    0.018735229
    8.753753754    0.018776998
    8.768768769    0.018825183
    8.783783784    0.018874870
    8.798798799    0.018924986
    8.813813814    0.018978088
    8.828828829    0.019037986
    8.843843844    0.019106859
    8.858858859    0.019183908
    8.873873874    0.019266253
    8.888888889    0.019350776
    8.903903904    0.019435310
    8.918918919    0.019519015
    8.933933934    0.019602562
    8.948948949    0.019687926
    8.963963964    0.019777116
    8.978978979    0.019870392
    8.993993994    0.019965516
    9.009009009    0.020058785
    9.024024024    0.020146990
    9.039039039    0.020228981
    9.054054054    0.020306007
    9.069069069    0.020380724
    9.084084084    0.020455738
    9.099099099    0.020532806
    9.114114114    0.020613029
    9.129129129    0.020697229
    9.144144144    0.020785707
    9.159159159    0.020877396
    9.174174174    0.020969189
    9.189189189    0.021056384
    9.204204204    0.021134187
    9.219219219    0.021199053
    9.234234234    0.021248922
    9.249249249    0.021282757
    9.264264264    0.021300375
    9.279279279    0.021302799
    9.294294294    0.021292474
    9.309309309    0.021272627
    9.324324324    0.021246167
    9.339339339    0.021215331
    9.354354354    0.021182670
    9.369369369    0.021152385
    9.384384384    0.021130469
    9.399399399    0.021123444
    9.414414414    0.021136968
    9.429429429    0.021175149
    9.444444444    0.021240018
    9.459459459    0.021330823
    9.474474474    0.021443801
    9.489489489    0.021573006
    9.504504505    0.021711897
    9.519519520    0.021854805
    9.534534535    0.021997553
    9.549549550    0.022137466
    9.564564565    0.022273404
    9.579579580    0.022405823
    9.594594595    0.022536256
    9.609609610    0.022665940
    9.624624625    0.022794248
    9.639639640    0.022918297
    9.654654655    0.023034460
    9.669669670    0.023140867
    9.684684685    0.023238867
    9.699699700    0.023332210
    9.714714715    0.023424693
    9.729729730    0.023518304
    9.744744745    0.023613029
    9.759759760    0.023707736
    9.774774775    0.023801007
    9.789789790    0.023891556
    9.804804805    0.023978312
    9.819819820    0.024060173
    9.834834835    0.024135784
    9.849849850    0.024203996
    9.864864865    0.024264872
    9.879879880    0.024320261
    9.894894895    0.024373362
    9.909909910    0.024427806
    9.924924925    0.024486939
    9.939939940    0.024553451
    9.954954955    0.024629344
    9.969969970    0.024716262
    9.984984985    0.024815833
   10.000000000    0.024929363
   10.015015015    0.025056543
   10.030030030    0.025193842
   10.045045045    0.025333867
   10.060060060    0.025466557
   10.075075075    0.025581833
   10.090090090    0.025672231
   10.105105105    0.025734095
   10.120120120    0.025766987
   10.135135135    0.025772464
   10.150150150    0.025753736
   10.165165165    0.025716188
   10.180180180    0.025667168
   10.195195195    0.025614233
   10.210210210    0.025562923
   10.225225225    0.025515712
   10.240240240    0.025472837
   10.255255255    0.025434059
   10.270270270    0.025399915
   10.285285285    0.025371830
   10.300300300    0.025351333
   10.315315315    0.025338971
   10.330330330    0.025333662
   10.345345345    0.025332790
   10.360360360    0.025332780
   10.375375375    0.025330054
   10.390390390    0.025322439
   10.405405405    0.025310121
   10.420420420    0.025294893
   10.435435435    0.025277932
   10.450450450    0.025258083
   10.465465465    0.025232168
   10.480480480    0.025196940
   10.495495495    0.025150831
   10.510510511    0.025094140
   10.525525526    0.025027934
   10.540540541    0.024952878
   10.555555556    0.024868898
   10.570570571    0.024775619
   10.585585586    0.024672946
   10.600600601    0.024561344
   10.615615616    0.024442083
   10.630630631    0.024317717
   10.645645646    0.024192399
   10.660660661    0.024071519
   10.675675676    0.023960762
   10.690690691    0.023865163
   10.705705706    0.023788517
   10.720720721    0.023733055
   10.735735736    0.023699294
   10.750750751    0.023686182
   10.765765766    0.023691646
   10.780780781    0.023713342
   10.795795796    0.023749203
   10.810810811    0.023797437
   10.825825826    0.023856022
   10.840840841    0.023922240
   10.855855856    0.023992711
   10.870870871    0.024063963
   10.885885886    0.024133364
   10.900900901    0.024200070
   10.915915916    0.024265472
   10.930930931    0.024332528
   10.945945946    0.024404047
   10.960960961    0.024481112
   10.975975976    0.024563051
   10.990990991    0.024648874
   11.006006006    0.024738471
   11.021021021    0.024832246
   11.036036036    0.024929813
   11.051051051    0.025029308
   11.066066066    0.025128049
   11.081081081    0.025223890
   11.096096096    0.025316112
   11.111111111    0.025405391
   11.126126126    0.025493201
   11.141141141    0.025581334
   11.156156156    0.025671843
   11.171171171    0.025767214
   11.186186186    0.025870211
   11.201201201    0.025983191
   11.216216216    0.026107123
   11.231231231    0.026240701
   11.246246246    0.026380012
   11.261261261    0.026519312
   11.276276276    0.026652892
   11.291291291    0.026777259
   11.306306306    0.026892463
   11.321321321    0.027001652
   11.336336336    0.027109016
   11.351351351    0.027217503
   11.366366366    0.027327712
   11.381381381    0.027437994
   11.396396396    0.027544785
   11.411411411    0.027642923
   11.426426426    0.027726804
   11.441441441    0.027792591
   11.456456456    0.027839974
   11.471471471    0.027871801
   11.486486486    0.027891782
   11.501501502    0.027902284
   11.516516517    0.027904057
   11.531531532    0.027897586
   11.546546547    0.027884117
   11.561561562    0.027865162
   11.576576577    0.027841387
   11.591591592    0.027812492
   11.606606607    0.027778449
   11.621621622    0.027741028
   11.636636637    0.027704454
   11.651651652    0.027674825
   11.666666667    0.027658801
   11.681681682    0.027662291
   11.696696697    0.027689314
   11.711711712    0.027740989
   11.726726727    0.027815000
   11.741741742    0.027906045
   11.756756757    0.028007322
   11.771771772    0.028112309
   11.786786787    0.028215838
   11.801801802    0.028314163
   11.816816817    0.028404624
   11.831831832    0.028485582
   11.846846847    0.028556744
   11.861861862    0.028619482
   11.876876877    0.028676889
   11.891891892    0.028733445
   11.906906907    0.028793979
   11.921921922    0.028861941
   11.936936937    0.028937976
   11.951951952    0.029020007
   11.966966967    0.029104755
   11.981981982    0.029189313
   11.996996997    0.029271584
   12.012012012    0.029349593
   12.027027027    0.029420375
   12.042042042    0.029479241
   12.057057057    0.029520086
   12.072072072    0.029536749
   12.087087087    0.029524583
   12.102102102    0.029481352
   12.117117117    0.029407356
   12.132132132    0.029305318
   12.147147147    0.029180351
   12.162162162    0.029039558
   12.177177177    0.028890864
   12.192192192    0.028741681
   12.207207207    0.028598381
   12.222222222    0.028466467
   12.237237237    0.028350634
   12.252252252    0.028254384
   12.267267267    0.028179520
   12.282282282    0.028125957
   12.297297297    0.028092275
   12.312312312    0.028077004
   12.327327327    0.028079826
   12.342342342    0.028101730
   12.357357357    0.028143972
   12.372372372    0.028206621
   12.387387387    0.028287891
   12.402402402    0.028384927
   12.417417417    0.028495179
   12.432432432    0.028616628
   12.447447447    0.028746522
   12.462462462    0.028880236
   12.477477477    0.029011743
   12.492492492    0.029135587
   12.507507508    0.029249097
   12.522522523    0.029353274
   12.537537538    0.029451528
   12.552552553    0.029547094
   12.567567568    0.029640906
   12.582582583    0.029731148
   12.597597598    0.029814647
   12.612612613    0.029889256
   12.627627628    0.029955590
   12.642642643    0.030016831
   12.657657658    0.030077012
   12.672672673    0.030139365
   12.687687688    0.030205734
   12.702702703    0.030276592
   12.717717718    0.030350615
   12.732732733    0.030423850
   12.747747748    0.030489706
   12.762762763    0.030540671
   12.777777778    0.030571160
   12.792792793    0.030579696
   12.807807808    0.030568879
   12.822822823    0.030543375
   12.837837838    0.030507888
   12.852852853    0.030466549
   12.867867868    0.030423058
   12.882882883    0.030380232
   12.897897898    0.030338951
   12.912912913    0.030297788
   12.927927928    0.030254335
   12.942942943    0.030207343
   12.957957958    0.030157595
   12.972972973    0.030106522
   12.987987988    0.030054017
   13.003003003    0.029997580
   13.018018018    0.029933409
   13.033033033    0.029858316
   13.048048048    0.029770943
   13.063063063    0.029671813
   13.078078078    0.029562607
   13.093093093    0.029445197
   13.108108108    0.029320959
   13.123123123    0.029190842
   13.138138138    0.029056014
   13.153153153    0.028918384
   13.168168168    0.028780466
   13.183183183    0.028644765
   13.198198198    0.028513374
   13.213213213    0.028388065
   13.228228228    0.028270565
   13.243243243    0.028162725
   13.258258258    0.028066639
   13.273273273    0.027984713
   13.288288288    0.027919730
   13.303303303    0.027874871
   13.318318318    0.027853667
   13.333333333    0.027859833
   13.348348348    0.027896624
   13.363363363    0.027965386
   13.378378378    0.028063806
   13.393393393    0.028185146
   13.408408408    0.028319283
   13.423423423    0.028455129
   13.438438438    0.028583184
   13.453453453    0.028696697
   13.468468468    0.028790784
   13.483483483    0.028860854
   13.498498498    0.028902709
   13.513513514    0.028914590
   13.528528529    0.028898877
   13.543543544    0.028861585
   13.558558559    0.028810015
   13.573573574    0.028749898
   13.588588589    0.028683422
   13.603603604    0.028609212
   13.618618619    0.028524103
   13.633633634    0.028425407
   13.648648649    0.028312585
   13.663663664    0.028187970
   13.678678679    0.028056430
   13.693693694    0.027923913
   13.708708709    0.027795277
   13.723723724    0.027672504
   13.738738739    0.027554282
   13.753753754    0.027437085
   13.768768769    0.027316940
   13.783783784    0.027190718
   13.798798799    0.027056416
   13.813813814    0.026912808
   13.828828829    0.026759141
   13.843843844    0.026595159
   13.858858859    0.026421157
   13.873873874    0.026238029
   13.888888889    0.026047559
   13.903903904    0.025852975
   13.918918919    0.025659336
   13.933933934    0.025473126
   13.948948949    0.025300763
   13.963963964    0.025146680
   13.978978979    0.025012253
   13.993993994    0.024896009
   14.009009009    0.024794709
   14.024024024    0.024704727
   14.039039039    0.024623255
   14.054054054    0.024548931
   14.069069069    0.024481927
   14.084084084    0.024423878
   14.099099099    0.024377814
   14.114114114    0.024347672
   14.129129129    0.024336688
   14.144144144    0.024345146
   14.159159159    0.024369385
   14.174174174    0.024403237
   14.189189189    0.024440574
   14.204204204    0.024476692
   14.219219219    0.024507961
   14.234234234    0.024530896
   14.249249249    0.024541621
   14.264264264    0.024535868
   14.279279279    0.024509357
   14.294294294    0.024458496
   14.309309309    0.024381257
   14.324324324    0.024277673
   14.339339339    0.024149683
   14.354354354    0.024000849
   14.369369369    0.023836468
   14.384384384    0.023663758
   14.399399399    0.023491354
   14.414414414    0.023328031
   14.429429429    0.023181207
   14.444444444    0.023055771
   14.459459459    0.022953451
   14.474474474    0.022872974
   14.489489489    0.022810953
   14.504504505    0.022762992
   14.519519520    0.022724547
   14.534534535    0.022691709
   14.549549550    0.022662149
   14.564564565    0.022636082
   14.579579580    0.022616574
   14.594594595    0.022608545
   14.609609610    0.022616601
   14.624624625    0.022642921
   14.639639640    0.022686472
   14.654654655    0.022743557
   14.669669670    0.022808572
   14.684684685    0.022874389
   14.699699700    0.022933092
   14.714714715    0.022977835
   14.729729730    0.023005383
   14.744744745    0.023017749
   14.759759760    0.023021538
   14.774774775    0.023025206
   14.789789790    0.023035770
   14.804804805    0.023056196
   14.819819820    0.023083747
   14.834834835    0.023109532
   14.849849850    0.023119960
   14.864864865    0.023100229
   14.879879880    0.023038729
   14.894894895    0.022930337
   14.909909910    0.022776916
   14.924924925    0.022585165
   14.939939940    0.022363858
   14.954954955    0.022122227
   14.969969970    0.021869384
   14.984984985    0.021613557
   15.000000000    0.021360684
