# energy grid [eV]  eels components [arbitrary units]
#
    0.000000000    0.000000000    0.000000000    0.000000000
    0.015015015    0.000018378    0.000017317    0.000017092
    0.030030030    0.000036769    0.000034643    0.000034192
    0.045045045    0.000055183    0.000051986    0.000051307
    0.060060060    0.000073633    0.000069355    0.000068447
    0.075075075    0.000092132    0.000086759    0.000085620
    0.090090090    0.000110691    0.000104207    0.000102833
    0.105105105    0.000129325    0.000121708    0.000120095
    0.120120120    0.000148045    0.000139272    0.000137414
    0.135135135    0.000166867    0.000156908    0.000154801
    0.150150150    0.000185805    0.000174626    0.000172264
    0.165165165    0.000204873    0.000192438    0.000189813
    0.180180180    0.000224088    0.000210353    0.000207457
    0.195195195    0.000243468    0.000228384    0.000225208
    0.210210210    0.000263029    0.000246543    0.000243077
    0.225225225    0.000282792    0.000264842    0.000261074
    0.240240240    0.000302778    0.000283296    0.000279213
    0.255255255    0.000323008    0.000301918    0.000297506
    0.270270270    0.000343508    0.000320725    0.000315968
    0.285285285    0.000364304    0.000339733    0.000334613
    0.300300300    0.000385425    0.000358961    0.000353458
    0.315315315    0.000406905    0.000378428    0.000372519
    0.330330330    0.000428777    0.000398156    0.000391817
    0.345345345    0.000451082    0.000418168    0.000411370
    0.360360360    0.000473865    0.000438491    0.000431202
    0.375375375    0.000497176    0.000459151    0.000451337
    0.390390390    0.000521070    0.000480183    0.000471803
    0.405405405    0.000545611    0.000501620    0.000492629
    0.420420420    0.000570875    0.000523503    0.000513848
    0.435435435    0.000596944    0.000545876    0.000535499
    0.450450450    0.000623919    0.000568791    0.000557624
    0.465465465    0.000651913    0.000592307    0.000580269
    0.480480480    0.000681062    0.000616491    0.000603491
    0.495495495    0.000711529    0.000641421    0.000627352
    0.510510511    0.000743508    0.000667190    0.000651925
    0.525525526    0.000777236    0.000693908    0.000677294
    0.540540541    0.000813003    0.000721705    0.000703561
    0.555555556    0.000851175    0.000750741    0.000730846
    0.570570571    0.000892210    0.000781212    0.000759295
    0.585585586    0.000936702    0.000813364    0.000789085
    0.600600601    0.000985428    0.000847509    0.000820440
    0.615615616    0.001039427    0.000884054    0.000853641
    0.630630631    0.001100120    0.000923537    0.000889057
    0.645645646    0.001169494    0.000966691    0.000927171
    0.660660661    0.001250382    0.001014532    0.000968642
    0.675675676    0.001346888    0.001068496    0.001014380
    0.690690691    0.001464911    0.001130611    0.001065645
    0.705705706    0.001612441    0.001203607    0.001124132
    0.720720721    0.001798069    0.001290508    0.001191803
    0.735735736    0.002024010    0.001392669    0.001269973
    0.750750751    0.002274137    0.001506557    0.001357819
    0.765765766    0.002524185    0.001627248    0.001454278
    0.780780781    0.002783248    0.001760123    0.001563897
    0.795795796    0.003077381    0.001915037    0.001693694
    0.810810811    0.003398586    0.002090882    0.001844456
    0.825825826    0.003709368    0.002274160    0.002007336
    0.840840841    0.003978633    0.002449098    0.002168681
    0.855855856    0.004233666    0.002623075    0.002331488
    0.870870871    0.004525858    0.002816257    0.002510740
    0.885885886    0.004827886    0.003011790    0.002692492
    0.900900901    0.005051965    0.003171303    0.002846743
    0.915915916    0.005213151    0.003315454    0.002993261
    0.930930931    0.005431644    0.003508767    0.003186859
    0.945945946    0.005734693    0.003768729    0.003444409
    0.960960961    0.006042108    0.004067671    0.003746248
    0.975975976    0.006309588    0.004389826    0.004079170
    0.990990991    0.006579422    0.004744405    0.004446502
    1.006006006    0.006923378    0.005155036    0.004865358
    1.021021021    0.007352347    0.005620711    0.005333573
    1.036036036    0.007805961    0.006098108    0.005810710
    1.051051051    0.008252795    0.006566598    0.006278046
    1.066066066    0.008699597    0.007031363    0.006740739
    1.081081081    0.009149195    0.007485117    0.007190564
    1.096096096    0.009567258    0.007901307    0.007602434
    1.111111111    0.009864903    0.008236448    0.007939104
    1.126126126    0.010014473    0.008482919    0.008195368
    1.141141141    0.010076394    0.008673928    0.008400296
    1.156156156    0.010102668    0.008835105    0.008575972
    1.171171171    0.010103851    0.008973533    0.008729264
    1.186186186    0.010061522    0.009059917    0.008830373
    1.201201201    0.009986599    0.009071396    0.008852838
    1.216216216    0.009947117    0.009047555    0.008831415
    1.231231231    0.010012810    0.009066749    0.008843614
    1.246246246    0.010187872    0.009182401    0.008948047
    1.261261261    0.010385725    0.009373161    0.009131866
    1.276276276    0.010515922    0.009576990    0.009338164
    1.291291291    0.010572604    0.009756467    0.009527495
    1.306306306    0.010620100    0.009913686    0.009695454
    1.321321321    0.010744666    0.010076921    0.009862222
    1.336336336    0.010987902    0.010275422    0.010052684
    1.351351351    0.011355266    0.010553080    0.010313546
    1.366366366    0.011852554    0.010965026    0.010705371
    1.381381381    0.012442791    0.011507361    0.011228861
    1.396396396    0.013028391    0.012102531    0.011811143
    1.411411411    0.013523536    0.012673291    0.012378541
    1.426426426    0.013901011    0.013197903    0.012911953
    1.441441441    0.014115127    0.013635906    0.013375030
    1.456456456    0.014101463    0.013872108    0.013651047
    1.471471471    0.013933211    0.013861315    0.013677508
    1.486486486    0.013796305    0.013723507    0.013555863
    1.501501502    0.013815135    0.013616044    0.013440422
    1.516516517    0.013987133    0.013606657    0.013407083
    1.531531532    0.014258319    0.013699989    0.013470801
    1.546546547    0.014610233    0.013899407    0.013640099
    1.561561562    0.015045923    0.014214752    0.013926244
    1.576576577    0.015536771    0.014630481    0.014316310
    1.591591592    0.016016816    0.015091142    0.014758153
    1.606606607    0.016382933    0.015499642    0.015157354
    1.621621622    0.016552883    0.015766143    0.015424729
    1.636636637    0.016565123    0.015900408    0.015566948
    1.651651652    0.016553592    0.016017516    0.015695670
    1.666666667    0.016611289    0.016220861    0.015915258
    1.681681682    0.016713900    0.016499296    0.016218002
    1.696696697    0.016792539    0.016762544    0.016513792
    1.711711712    0.016839643    0.016950983    0.016735563
    1.726726727    0.016889634    0.017066354    0.016874634
    1.741741742    0.016946282    0.017118911    0.016935764
    1.756756757    0.016987352    0.017118392    0.016932112
    1.771771772    0.017022014    0.017107440    0.016914346
    1.786786787    0.017099200    0.017157173    0.016958784
    1.801801802    0.017218000    0.017281470    0.017082574
    1.816816817    0.017345698    0.017431509    0.017236712
    1.831831832    0.017495607    0.017589945    0.017398960
    1.846846847    0.017695666    0.017784406    0.017594695
    1.861861862    0.017962313    0.018041564    0.017851485
    1.876876877    0.018314701    0.018386795    0.018195691
    1.891891892    0.018742495    0.018833304    0.018644496
    1.906906907    0.019157375    0.019323191    0.019146440
    1.921921922    0.019433988    0.019718279    0.019563794
    1.936936937    0.019566490    0.019956549    0.019826040
    1.951951952    0.019649122    0.020127718    0.020020309
    1.966966967    0.019702587    0.020298411    0.020221455
    1.981981982    0.019697557    0.020450193    0.020416732
    1.996996997    0.019681471    0.020607812    0.020630694
    2.012012012    0.019738713    0.020826538    0.020912343
    2.027027027    0.019866302    0.021084692    0.021229552
    2.042042042    0.019985935    0.021295431    0.021489382
    2.057057057    0.020109835    0.021441574    0.021667630
    2.072072072    0.020354160    0.021614635    0.021846910
    2.087087087    0.020780208    0.021890620    0.022102645
    2.102102102    0.021322008    0.022255775    0.022434019
    2.117117117    0.021882482    0.022660369    0.022805689
    2.132132132    0.022409702    0.023052429    0.023167290
    2.147147147    0.022897684    0.023402997    0.023486277
    2.162162162    0.023393993    0.023761590    0.023814674
    2.177177177    0.023977105    0.024223764    0.024252389
    2.192192192    0.024662502    0.024801069    0.024807244
    2.207207207    0.025366330    0.025407813    0.025392022
    2.222222222    0.026070329    0.026024348    0.025990593
    2.237237237    0.026866257    0.026702441    0.026646701
    2.252252252    0.027815098    0.027428518    0.027328046
    2.267267267    0.028913902    0.028162013    0.027984731
    2.282282282    0.030038522    0.028864294    0.028593850
    2.297297297    0.030868708    0.029379067    0.029029273
    2.312312312    0.031142360    0.029535860    0.029142453
    2.327327327    0.030997004    0.029412081    0.029007960
    2.342342342    0.030771923    0.029225257    0.028821884
    2.357357357    0.030641683    0.029075608    0.028665313
    2.372372372    0.030610650    0.028935742    0.028500838
    2.387387387    0.030650841    0.028774800    0.028293151
    2.402402402    0.030708969    0.028624115    0.028087118
    2.417417417    0.030764462    0.028552849    0.027972765
    2.432432432    0.030933819    0.028653922    0.028043325
    2.447447447    0.031310717    0.028992639    0.028355876
    2.462462462    0.031777928    0.029505145    0.028853531
    2.477477477    0.032127565    0.030034046    0.029392389
    2.492492492    0.032205290    0.030425692    0.029824304
    2.507507508    0.031875442    0.030538773    0.030014586
    2.522522523    0.031196984    0.030341328    0.029924574
    2.537537538    0.030509352    0.030028300    0.029717689
    2.552552553    0.030115693    0.029851559    0.029618713
    2.567567568    0.030026501    0.029888645    0.029707307
    2.582582583    0.030034622    0.030003372    0.029862675
    2.597597598    0.030010993    0.030058652    0.029949403
    2.612612613    0.029996681    0.030099059    0.030014357
    2.627627628    0.030064087    0.030242041    0.030186624
    2.642642643    0.030216911    0.030478942    0.030455334
    2.657657658    0.030409557    0.030698542    0.030692154
    2.672672673    0.030611124    0.030849337    0.030840039
    2.687687688    0.030919954    0.031046234    0.031019496
    2.702702703    0.031441758    0.031401330    0.031343523
    2.717717718    0.032087178    0.031808070    0.031699573
    2.732732733    0.032702005    0.032080134    0.031894355
    2.747747748    0.033249837    0.032193642    0.031907360
    2.762762763    0.033688742    0.032212370    0.031823693
    2.777777778    0.033927142    0.032163001    0.031695913
    2.792792793    0.033949054    0.032053775    0.031541351
    2.807807808    0.033839517    0.031897730    0.031360706
    2.822822823    0.033765466    0.031792529    0.031235904
    2.837837838    0.033796663    0.031840529    0.031274345
    2.852852853    0.033836158    0.031997977    0.031447222
    2.867867868    0.033830195    0.032164932    0.031649088
    2.882882883    0.033838472    0.032304890    0.031820661
    2.897897898    0.033953941    0.032464400    0.031994022
    2.912912913    0.034297324    0.032767665    0.032292132
    2.927927928    0.034996127    0.033363475    0.032866421
    2.942942943    0.036007663    0.034245852    0.033714638
    2.957957958    0.037072466    0.035230596    0.034667234
    2.972972973    0.037851753    0.036072928    0.035502820
    2.987987988    0.038104775    0.036569942    0.036035497
    3.003003003    0.037879507    0.036711995    0.036253311
    3.018018018    0.037455759    0.036673644    0.036309861
    3.033033033    0.037064218    0.036605079    0.036330427
    3.048048048    0.036758270    0.036541843    0.036339440
    3.063063063    0.036520053    0.036505761    0.036366970
    3.078078078    0.036421631    0.036595579    0.036519630
    3.093093093    0.036578128    0.036911090    0.036890975
    3.108108108    0.036979062    0.037404536    0.037419988
    3.123123123    0.037525593    0.037956307    0.037980530
    3.138138138    0.038102081    0.038485570    0.038500775
    3.153153153    0.038586140    0.038943750    0.038951625
    3.168168168    0.038924821    0.039304145    0.039316650
    3.183183183    0.039244294    0.039650495    0.039672520
    3.198198198    0.039712947    0.040146854    0.040181396
    3.213213213    0.040391343    0.040898071    0.040956766
    3.228228228    0.041294618    0.041907719    0.041998857
    3.243243243    0.042480882    0.043183341    0.043301398
    3.258258258    0.043850701    0.044621422    0.044757027
    3.273273273    0.045125644    0.045942273    0.046085946
    3.288288288    0.046021744    0.046881662    0.047031419
    3.303303303    0.046436644    0.047390448    0.047561971
    3.318318318    0.046576611    0.047683332    0.047896648
    3.333333333    0.046754752    0.048013680    0.048272260
    3.348348348    0.047174085    0.048512916    0.048799117
    3.363363363    0.047897840    0.049202047    0.049484280
    3.378378378    0.048860320    0.050013604    0.050258876
    3.393393393    0.049793112    0.050739728    0.050931135
    3.408408408    0.050385722    0.051116642    0.051251242
    3.423423423    0.050541312    0.051024677    0.051096095
    3.438438438    0.050388978    0.050579767    0.050578980
    3.453453453    0.050119907    0.050004019    0.049929118
    3.468468468    0.049874095    0.049436989    0.049284807
    3.483483483    0.049753807    0.048967867    0.048730002
    3.498498498    0.049770301    0.048663500    0.048343223
    3.513513514    0.049815882    0.048514250    0.048137739
    3.528528529    0.049699583    0.048404319    0.048017752
    3.543543544    0.049376638    0.048250205    0.047897645
    3.558558559    0.049156592    0.048211102    0.047903722
    3.573573574    0.049411732    0.048531069    0.048243740
    3.588588589    0.050227675    0.049295822    0.048998573
    3.603603604    0.051427045    0.050430200    0.050116088
    3.618618619    0.052785766    0.051762187    0.051437334
    3.633633634    0.054163755    0.053139400    0.052806899
    3.648648649    0.055385053    0.054401099    0.054066790
    3.663663664    0.056306308    0.055431326    0.055109565
    3.678678679    0.056999797    0.056347544    0.056066771
    3.693693694    0.057535238    0.057254464    0.057054162
    3.708708709    0.057916995    0.058107390    0.058020083
    3.723723724    0.058275367    0.058997400    0.059047595
    3.738738739    0.058622897    0.059952990    0.060164664
    3.753753754    0.058701495    0.060689269    0.061075984
    3.768768769    0.058392379    0.061010598    0.061569008
    3.783783784    0.058071783    0.061251236    0.061970230
    3.798798799    0.058276205    0.061979223    0.062853330
    3.813813814    0.059365315    0.063575947    0.064600286
    3.828828829    0.061364045    0.065976109    0.067115054
    3.843843844    0.063746102    0.068522953    0.069701728
    3.858858859    0.065796228    0.070491330    0.071637522
    3.873873874    0.067260830    0.071768496    0.072854299
    3.888888889    0.068213120    0.072618447    0.073668296
    3.903903904    0.068787844    0.073242892    0.074299178
    3.918918919    0.069267176    0.073813952    0.074891279
    3.933933934    0.070005292    0.074574899    0.075658857
    3.948948949    0.071068521    0.075656608    0.076747777
    3.963963964    0.072268928    0.077017873    0.078153099
    3.978978979    0.073446698    0.078528998    0.079750853
    3.993993994    0.074537230    0.080024964    0.081348611
    4.009009009    0.075582846    0.081424730    0.082833767
    4.024024024    0.076632771    0.082671312    0.084121358
    4.039039039    0.077681466    0.083694082    0.085125027
    4.054054054    0.078731794    0.084523430    0.085885691
    4.069069069    0.079704718    0.085158353    0.086425248
    4.084084084    0.080456381    0.085541636    0.086710335
    4.099099099    0.081004444    0.085714944    0.086787677
    4.114114114    0.081457721    0.085731271    0.086694616
    4.129129129    0.081945848    0.085680399    0.086514120
    4.144144144    0.082633865    0.085765470    0.086459554
    4.159159159    0.083567819    0.086113636    0.086674575
    4.174174174    0.084625111    0.086719095    0.087178291
    4.189189189    0.085668205    0.087538550    0.087947843
    4.204204204    0.086779750    0.088589877    0.088985369
    4.219219219    0.088149949    0.089921776    0.090304723
    4.234234234    0.089899323    0.091638500    0.092006160
    4.249249249    0.091818615    0.093714661    0.094109261
    4.264264264    0.093352551    0.095749071    0.096255284
    4.279279279    0.094280913    0.097412804    0.098097180
    4.294294294    0.094848944    0.098831348    0.099732093
    4.309309309    0.095308014    0.100246617    0.101395629
    4.324324324    0.095724481    0.101641650    0.103045819
    4.339339339    0.096141916    0.102915151    0.104541871
    4.354354354    0.096733731    0.104208417    0.106016369
    4.369369369    0.097727408    0.105789911    0.107746895
    4.384384384    0.099262231    0.107766240    0.109829314
    4.399399399    0.101266329    0.110077421    0.112210995
    4.414414414    0.103612422    0.112819622    0.115051056
    4.429429429    0.106338733    0.116257241    0.118671621
    4.444444444    0.109570869    0.120526743    0.123206589
    4.459459459    0.113222748    0.125318560    0.128282628
    4.474474474    0.117022139    0.130021884    0.133203010
    4.489489489    0.120716264    0.134371386    0.137706040
    4.504504505    0.124035925    0.138420549    0.141929451
    4.519519520    0.126967621    0.142327280    0.146068365
    4.534534535    0.130145958    0.146461114    0.150411485
    4.549549550    0.133944052    0.150770666    0.154796104
    4.564564565    0.137612858    0.154350355    0.158294642
    4.579579580    0.140211012    0.156489871    0.160272879
    4.594594595    0.141597147    0.157486205    0.161143336
    4.609609610    0.142361858    0.158327412    0.161986775
    4.624624625    0.143396787    0.159954451    0.163743925
    4.639639640    0.145698487    0.163098746    0.167066211
    4.654654655    0.149956153    0.168039455    0.172113496
    4.669669670    0.155855351    0.173926781    0.177907277
    4.684684685    0.162325516    0.179367158    0.183017792
    4.699699700    0.168688635    0.183969909    0.187167307
    4.714714715    0.174684009    0.188180708    0.190965920
    4.729729730    0.179861355    0.192172205    0.194702034
    4.744744745    0.184026982    0.195938677    0.198389719
    4.759759760    0.187545381    0.199650137    0.202139155
    4.774774775    0.190816907    0.203294358    0.205842067
    4.789789790    0.194093824    0.206683043    0.209218647
    4.804804805    0.197755843    0.209858962    0.212242227
    4.819819820    0.201796503    0.212627895    0.214684530
    4.834834835    0.205875492    0.214690631    0.216276420
    4.849849850    0.209592762    0.216228056    0.217342866
    4.864864865    0.212652453    0.217946811    0.218791471
    4.879879880    0.215293586    0.220384041    0.221194056
    4.894894895    0.218189179    0.223250609    0.224044262
    4.909909910    0.221569100    0.225863001    0.226477975
    4.924924925    0.225114289    0.228104642    0.228440848
    4.939939940    0.228919371    0.230656046    0.230736635
    4.954954955    0.233513782    0.234247228    0.234128339
    4.969969970    0.238515081    0.238404801    0.238122871
    4.984984985    0.243040311    0.242252543    0.241848725
    5.000000000    0.247030380    0.245853425    0.245394295
    5.015015015    0.251461477    0.249996701    0.249498093
    5.030030030    0.257192449    0.255182424    0.254579537
    5.045045045    0.263618827    0.260847953    0.260094133
    5.060060060    0.269022173    0.265585125    0.264710584
    5.075075075    0.272053731    0.268162084    0.267219036
    5.090090090    0.272711736    0.268528121    0.267539664
    5.105105105    0.272142456    0.268031153    0.267052838
    5.120120120    0.271871470    0.268304794    0.267423642
    5.135135135    0.272962506    0.269886175    0.269090365
    5.150150150    0.275685517    0.272284153    0.271410977
    5.165165165    0.279269428    0.274468831    0.273311343
    5.180180180    0.282304534    0.275541294    0.273996085
    5.195195195    0.283672821    0.275256934    0.273389161
    5.210210210    0.282695042    0.273508933    0.271498155
    5.225225225    0.279477188    0.270376088    0.268393591
    5.240240240    0.275104440    0.266410543    0.264525096
    5.255255255    0.270404902    0.261856306    0.260013214
    5.270270270    0.265392292    0.256533504    0.254624752
    5.285285285    0.260529785    0.250901328    0.248825695
    5.300300300    0.256442141    0.245763707    0.243473591
    5.315315315    0.252567738    0.241134885    0.238704489
    5.330330330    0.247788850    0.236392714    0.233984190
    5.345345345    0.241989274    0.231406728    0.229173909
    5.360360360    0.235961682    0.226381778    0.224369167
    5.375375375    0.230267393    0.221220679    0.219330688
    5.390390390    0.224500565    0.215408430    0.213515962
    5.405405405    0.217898025    0.208618307    0.206694679
    5.420420420    0.210775317    0.201602273    0.199707604
    5.435435435    0.203950047    0.195295738    0.193509012
    5.450450450    0.197971520    0.190158541    0.188538602
    5.465465465    0.193136121    0.186261964    0.184828277
    5.480480480    0.189092363    0.182962316    0.181678626
    5.495495495    0.185244474    0.179492489    0.178280095
    5.510510511    0.181568456    0.175886354    0.174676719
    5.525525526    0.178336299    0.172545519    0.171305479
    5.540540541    0.175507256    0.169464981    0.168170414
    5.555555556    0.172694036    0.166235385    0.164855062
    5.570570571    0.169615555    0.162564190    0.161063024
    5.585585586    0.166413241    0.158709138    0.157074138
    5.600600601    0.163420319    0.155108911    0.153354343
    5.615615616    0.160905853    0.151873512    0.149992186
    5.630630631    0.159004249    0.148929275    0.146873208
    5.645645646    0.157587206    0.146250364    0.143983650
    5.660660661    0.156359148    0.143881978    0.141420778
    5.675675676    0.155345630    0.142026343    0.139409718
    5.690690691    0.154887140    0.140876933    0.138119994
    5.705705706    0.155166417    0.140489472    0.137594544
    5.720720721    0.156054466    0.140771601    0.137754542
    5.735735736    0.157458186    0.141630404    0.138504771
    5.750750751    0.159216508    0.142937462    0.139718643
    5.765765766    0.160710580    0.144204813    0.140936239
    5.780780781    0.161529237    0.144952941    0.141674539
    5.795795796    0.162027432    0.145190768    0.141879573
    5.810810811    0.162765487    0.145264647    0.141850589
    5.825825826    0.163916133    0.145516734    0.141950857
    5.840840841    0.165337076    0.146141401    0.142431632
    5.855855856    0.166901375    0.147149251    0.143329718
    5.870870871    0.168719930    0.148543166    0.144628317
    5.885885886    0.171022668    0.150426519    0.146410817
    5.900900901    0.173422035    0.152518947    0.148423348
    5.915915916    0.174961125    0.154098345    0.149989041
    5.930930931    0.175278979    0.154755522    0.150696300
    5.945945946    0.174769012    0.154497284    0.150490008
    5.960960961    0.174100901    0.153741305    0.149731349
    5.975975976    0.173727347    0.153063943    0.149002039
    5.990990991    0.173704034    0.152768239    0.148648031
    6.006006006    0.174218662    0.153062987    0.148894434
    6.021021021    0.175660884    0.154093819    0.149853008
    6.036036036    0.178113076    0.155699209    0.151319064
    6.051051051    0.181386810    0.157614859    0.153004447
    6.066066066    0.185300338    0.159815859    0.154897726
    6.081081081    0.189692119    0.162467409    0.157216058
    6.096096096    0.194272384    0.165593397    0.160043896
    6.111111111    0.198504448    0.168790975    0.163016217
    6.126126126    0.201922586    0.171439578    0.165495583
    6.141141141    0.204931642    0.173705640    0.167596301
    6.156156156    0.208503744    0.176516077    0.170225551
    6.171171171    0.212805436    0.180122946    0.173653539
    6.186186186    0.216918827    0.183724496    0.177110241
    6.201201201    0.220258659    0.186756034    0.180044081
    6.216216216    0.223520207    0.189666789    0.182859792
    6.231231231    0.227846123    0.193315517    0.186356694
    6.246246246    0.233495001    0.198019926    0.190858310
    6.261261261    0.239642511    0.203276368    0.195918599
    6.276276276    0.245189845    0.208242208    0.200739152
    6.291291291    0.249262093    0.212165249    0.204590947
    6.306306306    0.251659729    0.214720387    0.207138215
    6.321321321    0.253099257    0.216263738    0.208681619
    6.336336336    0.255150424    0.217994547    0.210340959
    6.351351351    0.259377437    0.221311032    0.213463277
    6.366366366    0.266010900    0.226554970    0.218403189
    6.381381381    0.273993811    0.232941941    0.224433800
    6.396396396    0.282038985    0.239509481    0.230669618
    6.411411411    0.288899024    0.245266128    0.236175069
    6.426426426    0.293993152    0.249583156    0.240302405
    6.441441441    0.298237449    0.253067147    0.243590288
    6.456456456    0.302962919    0.256830104    0.247110315
    6.471471471    0.308964999    0.261530171    0.251496647
    6.486486486    0.316988514    0.267657306    0.257184684
    6.501501502    0.327516964    0.275692230    0.264634572
    6.516516517    0.339547747    0.285371240    0.273693136
    6.531531532    0.350869674    0.295450432    0.283290088
    6.546546547    0.359425140    0.304354525    0.291963950
    6.561561562    0.364448126    0.311092123    0.298723536
    6.576576577    0.367420127    0.316462774    0.304252700
    6.591591592    0.369826543    0.321930040    0.310006003
    6.606606607    0.371286803    0.327380529    0.315977428
    6.621621622    0.371441323    0.331699438    0.320961403
    6.636636637    0.371424374    0.335009959    0.324834657
    6.651651652    0.372709949    0.338751596    0.328944465
    6.666666667    0.375393239    0.343966000    0.334488420
    6.681681682    0.378002126    0.350117005    0.341165152
    6.696696697    0.378817952    0.355650412    0.347524973
    6.711711712    0.377265575    0.359516853    0.352464586
    6.726726727    0.374566069    0.362064925    0.356160767
    6.741741742    0.372989587    0.364998006    0.360157895
    6.756756757    0.373152600    0.369188986    0.365357649
    6.771771772    0.373143652    0.373038191    0.370232811
    6.786786787    0.371343949    0.374901828    0.373094183
    6.801801802    0.368095545    0.375211516    0.374355343
    6.816816817    0.363910349    0.374656015    0.374777916
    6.831831832    0.358045858    0.372382213    0.373525669
    6.846846847    0.349402087    0.366980664    0.369107805
    6.861861862    0.337432367    0.357734382    0.360732556
    6.876876877    0.322601866    0.344980847    0.348689299
    6.891891892    0.306445927    0.330150335    0.334380210
    6.906906907    0.290652821    0.315033140    0.319619505
    6.921921922    0.275994093    0.300617973    0.305443982
    6.936936937    0.262534211    0.287167920    0.292166457
    6.951951952    0.250503320    0.275022008    0.280164578
    6.966966967    0.240594736    0.264899220    0.270166501
    6.981981982    0.233267078    0.257288476    0.262658063
    6.996996997    0.228212814    0.251983644    0.257447560
    7.012012012    0.224710569    0.248417849    0.254008237
    7.027027027    0.221919442    0.245816531    0.251596215
    7.042042042    0.219301782    0.243391895    0.249363267
    7.057057057    0.217488010    0.241368150    0.247396858
    7.072072072    0.217664916    0.240895343    0.246814536
    7.087087087    0.219927143    0.242320238    0.248051085
    7.102102102    0.223202149    0.244633733    0.250132774
    7.117117117    0.226337409    0.246443203    0.251592081
    7.132132132    0.228764293    0.247045081    0.251692128
    7.147147147    0.230119004    0.246324184    0.250408380
    7.162162162    0.229972205    0.244336382    0.247935222
    7.177177177    0.228270777    0.241450250    0.244740291
    7.192192192    0.225819516    0.238502982    0.241661419
    7.207207207    0.223774087    0.236149474    0.239226694
    7.222222222    0.222419686    0.233932872    0.236791732
    7.237237237    0.220840753    0.230641641    0.233073489
    7.252252252    0.218469243    0.226029615    0.227904338
    7.267267267    0.216145886    0.221374113    0.222668608
    7.282282282    0.214956805    0.218075223    0.218848485
    7.297297297    0.214984995    0.216457878    0.216825996
    7.312312312    0.215689521    0.215967943    0.216044811
    7.327327327    0.216419709    0.215760791    0.215614606
    7.342342342    0.216184151    0.214734259    0.214403076
    7.357357357    0.214458025    0.212253999    0.211748808
    7.372372372    0.211897304    0.208900779    0.208211484
    7.387387387    0.209534338    0.205729447    0.204844920
    7.402402402    0.207899134    0.203401788    0.202336276
    7.417417417    0.207038749    0.202128610    0.200935588
    7.432432432    0.206805872    0.201767033    0.200505474
    7.447447447    0.207002022    0.201932083    0.200620515
    7.462462462    0.207434596    0.202313533    0.200945488
    7.477477477    0.207876429    0.202878819    0.201490587
    7.492492492    0.207795291    0.203409737    0.202112375
    7.507507508    0.206504301    0.203319857    0.202265346
    7.522522523    0.204149364    0.202451597    0.201740066
    7.537537538    0.201848898    0.201404913    0.201017602
    7.552552553    0.200642744    0.200943149    0.200776258
    7.567567568    0.200767159    0.201428798    0.201385496
    7.582582583    0.201809561    0.202676243    0.202704740
    7.597597598    0.203132769    0.204105211    0.204168917
    7.612612613    0.204259670    0.205083343    0.205116373
    7.627627628    0.205283859    0.205558986    0.205468652
    7.642642643    0.206619331    0.206063458    0.205781400
    7.657657658    0.208226462    0.206863830    0.206381755
    7.672672673    0.209531449    0.207710935    0.207094094
    7.687687688    0.210063266    0.208282983    0.207647720
    7.702702703    0.209927763    0.208472656    0.207902408
    7.717717718    0.209856508    0.208697366    0.208190198
    7.732732733    0.210296397    0.209563993    0.209137950
    7.747747748    0.210678329    0.210924084    0.210711142
    7.762762763    0.210388212    0.212027831    0.212154405
    7.777777778    0.209498884    0.212285768    0.212723564
    7.792792793    0.208508642    0.211764990    0.212364079
    7.807807808    0.207730561    0.210924824    0.211545401
    7.822822823    0.207179077    0.210265705    0.210867188
    7.837837838    0.206916082    0.210261667    0.210915851
    7.852852853    0.207098698    0.211092101    0.211897082
    7.867867868    0.207936089    0.212621726    0.213594419
    7.882882883    0.209355154    0.214449705    0.215522231
    7.897897898    0.210963339    0.216170448    0.217275161
    7.912912913    0.212563788    0.217660607    0.218757898
    7.927927928    0.214338875    0.218957686    0.219977384
    7.942942943    0.216427031    0.220112702    0.220948516
    7.957957958    0.218537782    0.221114472    0.221700166
    7.972972973    0.220414157    0.222085000    0.222441336
    7.987987988    0.222266240    0.223394653    0.223598973
    8.003003003    0.224004701    0.225036526    0.225196532
    8.018018018    0.224904435    0.226401171    0.226668820
    8.033033033    0.224523797    0.226776147    0.227250263
    8.048048048    0.223293511    0.226035107    0.226658323
    8.063063063    0.221990826    0.224763829    0.225400419
    8.078078078    0.221111261    0.223601155    0.224146925
    8.093093093    0.221061982    0.223089749    0.223486597
    8.108108108    0.222165633    0.223685861    0.223928234
    8.123123123    0.224478773    0.225649385    0.225790211
    8.138138138    0.227908374    0.229067638    0.229199406
    8.153153153    0.231949029    0.233448889    0.233666891
    8.168168168    0.235476019    0.237573475    0.237946627
    8.183183183    0.237578134    0.240336472    0.240884903
    8.198198198    0.238434745    0.241594116    0.242264041
    8.213213213    0.238701369    0.241821408    0.242508988
    8.228228228    0.238716004    0.241489293    0.242107091
    8.243243243    0.238979504    0.241365032    0.241882820
    8.258258258    0.240054320    0.242127163    0.242550718
    8.273273273    0.242127162    0.243784148    0.244096632
    8.288288288    0.244948205    0.245799980    0.245925871
    8.303303303    0.247614154    0.247471208    0.247365863
    8.318318318    0.249020367    0.248369018    0.248132453
    8.333333333    0.248729277    0.248322084    0.248128163
    8.348348348    0.247292311    0.247486119    0.247436823
    8.363363363    0.245833463    0.246579965    0.246678718
    8.378378378    0.245254246    0.246410240    0.246622879
    8.393393393    0.245787850    0.247244925    0.247535482
    8.408408408    0.247178874    0.248911014    0.249258508
    8.423423423    0.249206601    0.251308714    0.251727608
    8.438438438    0.251851747    0.254577539    0.255128391
    8.453453453    0.255166390    0.258698217    0.259430834
    8.468468468    0.259361813    0.263411211    0.264272215
    8.483483483    0.264349614    0.268037488    0.268830023
    8.498498498    0.269174184    0.271537665    0.272032308
    8.513513514    0.272425931    0.273126109    0.273232334
    8.528528529    0.273311711    0.272665650    0.272450440
    8.543543544    0.272614250    0.271216636    0.270814518
    8.558558559    0.272013958    0.270426297    0.269969878
    8.573573574    0.272119267    0.270747137    0.270341135
    8.588588589    0.272107793    0.271145948    0.270843140
    8.603603604    0.271215106    0.270650426    0.270447175
    8.618618619    0.269805909    0.269609113    0.269486855
    8.633633634    0.268710495    0.269033667    0.269015245
    8.648648649    0.268578112    0.269706736    0.269864506
    8.663663664    0.269817075    0.271873366    0.272250118
    8.678678679    0.272374365    0.275218800    0.275787161
    8.693693694    0.275493344    0.278854189    0.279552130
    8.708708709    0.278364286    0.281950095    0.282699084
    8.723723724    0.280691853    0.284413271    0.285175333
    8.738738739    0.282478281    0.286487598    0.287298511
    8.753753754    0.283536469    0.288005510    0.288932211
    8.768768769    0.283813746    0.288943338    0.290061745
    8.783783784    0.284391696    0.290378019    0.291732691
    8.798798799    0.286657711    0.293318049    0.294846385
    8.813813814    0.290289420    0.296852401    0.298365137
    8.828828829    0.293666996    0.299102560    0.300360248
    8.843843844    0.296181953    0.299886643    0.300750398
    8.858858859    0.298643154    0.300671616    0.301152051
    8.873873874    0.301387221    0.302028077    0.302179965
    8.888888889    0.303783162    0.303364660    0.303241491
    8.903903904    0.305542524    0.304680254    0.304404485
    8.918918919    0.306724273    0.306291579    0.306069373
    8.933933934    0.307260353    0.308078571    0.308133853
    8.948948949    0.307390054    0.310058179    0.310566890
    8.963963964    0.307657486    0.312518488    0.313582615
    8.978978979    0.308111388    0.314942040    0.316525397
    8.993993994    0.308333535    0.316256166    0.318153752
    9.009009009    0.308789346    0.316856155    0.318818247
    9.024024024    0.310297943    0.318014518    0.319883404
    9.039039039    0.312922271    0.320270191    0.322010028
    9.054054054    0.316487935    0.323678547    0.325338322
    9.069069069    0.320356276    0.327551174    0.329187983
    9.084084084    0.323591558    0.330655377    0.332257791
    9.099099099    0.326080934    0.332662505    0.334160664
    9.114114114    0.328193190    0.334111863    0.335474005
    9.129129129    0.329681902    0.334960715    0.336191955
    9.144144144    0.329994934    0.334458979    0.335511593
    9.159159159    0.328953361    0.332301012    0.333100852
    9.174174174    0.326538280    0.328772235    0.329301866
    9.189189189    0.322981428    0.324399359    0.324703473
    9.204204204    0.319763170    0.320716952    0.320870633
    9.219219219    0.318653106    0.319557117    0.319662993
    9.234234234    0.319831899    0.321258540    0.321467937
    9.249249249    0.322533169    0.324860744    0.325288242
    9.264264264    0.326283685    0.329575335    0.330241412
    9.279279279    0.330583956    0.334981284    0.335915841
    9.294294294    0.334727947    0.340488711    0.341763102
    9.309309309    0.337925552    0.345187418    0.346839962
    9.324324324    0.339650662    0.348331290    0.350337826
    9.339339339    0.340002510    0.349880931    0.352191416
    9.354354354    0.339482459    0.350361004    0.352944159
    9.369369369    0.338513484    0.350229648    0.353054737
    9.384384384    0.337272543    0.349600949    0.352599319
    9.399399399    0.335750848    0.348268793    0.351313535
    9.414414414    0.333966664    0.346198462    0.349149334
    9.429429429    0.332151832    0.343878524    0.346670487
    9.444444444    0.330512082    0.341625641    0.344235401
    9.459459459    0.329394931    0.339598529    0.341971903
    9.474474474    0.329507655    0.338474879    0.340563166
    9.489489489    0.331116833    0.338753574    0.340552549
    9.504504505    0.333393760    0.339676673    0.341172277
    9.519519520    0.335458352    0.340217212    0.341363616
    9.534534535    0.336963001    0.339998218    0.340753506
    9.549549550    0.337565969    0.338890548    0.339257061
    9.564564565    0.337481905    0.337240677    0.337244660
    9.579579580    0.337500967    0.335968589    0.335657003
    9.594594595    0.338161294    0.335947520    0.335442133
    9.609609610    0.339619834    0.337471709    0.336937658
    9.624624625    0.341974958    0.340286677    0.339822760
    9.639639640    0.344743997    0.343557836    0.343192582
    9.654654655    0.346610174    0.346137564    0.345935578
    9.669669670    0.346878928    0.347667053    0.347763945
    9.684684685    0.346718811    0.349350531    0.349885494
    9.699699700    0.347646500    0.352476915    0.353531773
    9.714714715    0.349842836    0.356797787    0.358364335
    9.729729730    0.352319483    0.360866608    0.362831310
    9.744744745    0.354430398    0.363855502    0.366049503
    9.759759760    0.356507277    0.366118267    0.368378009
    9.774774775    0.358726050    0.367773639    0.369914677
    9.789789790    0.360691521    0.368357312    0.370174301
    9.804804805    0.362015634    0.367656226    0.368999101
    9.819819820    0.362899646    0.366258263    0.367068256
    9.834834835    0.364290103    0.365480674    0.365772818
    9.849849850    0.366972195    0.366496202    0.366375257
    9.864864865    0.370459096    0.369075246    0.368730221
    9.879879880    0.373652093    0.372013157    0.371620506
    9.894894895    0.375879827    0.374355664    0.374023263
    9.909909910    0.376680781    0.375160181    0.374892944
    9.924924925    0.376066394    0.373997282    0.373668062
    9.939939940    0.375008484    0.372006197    0.371478140
    9.954954955    0.375134270    0.371162800    0.370375254
    9.969969970    0.377730350    0.372931410    0.371894314
    9.984984985    0.382463026    0.377230011    0.376037545
   10.000000000    0.388134269    0.383042898    0.381849911
   10.015015015    0.394298122    0.389784171    0.388717294
   10.030030030    0.401086097    0.397524020    0.396672176
   10.045045045    0.407851748    0.405739587    0.405200285
   10.060060060    0.413515092    0.413084724    0.412905354
   10.075075075    0.417948379    0.418811395    0.418911011
   10.090090090    0.421191976    0.422909227    0.423177806
   10.105105105    0.422880150    0.425562635    0.426018606
   10.120120120    0.422786147    0.426749532    0.427482276
   10.135135135    0.421585624    0.426772063    0.427786419
   10.150150150    0.420316501    0.426373127    0.427602909
   10.165165165    0.419602520    0.426139150    0.427521420
   10.180180180    0.419696021    0.426267671    0.427726170
   10.195195195    0.420271789    0.426430073    0.427859252
   10.210210210    0.420858677    0.426425612    0.427765294
   10.225225225    0.421292088    0.426304169    0.427546172
   10.240240240    0.421658801    0.426060854    0.427180553
   10.255255255    0.422145663    0.425807159    0.426763959
   10.270270270    0.422966058    0.425938096    0.426737042
   10.285285285    0.424338322    0.426802997    0.427485534
   10.300300300    0.426488721    0.428345799    0.428893541
   10.315315315    0.429692658    0.430376479    0.430664440
   10.330330330    0.434247572    0.432963630    0.432802298
   10.345345345    0.439995210    0.436223985    0.435469764
   10.360360360    0.445685281    0.439677308    0.438361420
   10.375375375    0.449874293    0.442546940    0.440868588
   10.390390390    0.452171760    0.444537387    0.442732615
   10.405405405    0.453551441    0.446318193    0.444569065
   10.420420420    0.455395188    0.448940571    0.447362010
   10.435435435    0.457518329    0.452046785    0.450702802
   10.450450450    0.459118340    0.454839647    0.453757662
   10.465465465    0.460614479    0.458026951    0.457281615
   10.480480480    0.462724863    0.462539669    0.462293442
   10.495495495    0.465305556    0.467831795    0.468202083
   10.510510511    0.468013175    0.472770432    0.473694101
   10.525525526    0.470752446    0.476762727    0.478021564
   10.540540541    0.472999894    0.479401901    0.480779202
   10.555555556    0.474180554    0.480441216    0.481803831
   10.570570571    0.474542275    0.480071096    0.481277802
   10.585585586    0.474584629    0.478706088    0.479574789
   10.600600601    0.474385489    0.476988237    0.477471571
   10.615615616    0.473796993    0.475375804    0.475620318
   10.630630631    0.472714146    0.473573277    0.473702853
   10.645645646    0.471831734    0.471610149    0.471558654
   10.660660661    0.472406055    0.470343369    0.469913875
   10.675675676    0.474806837    0.470473585    0.469521165
   10.690690691    0.477844976    0.471803607    0.470414247
   10.705705706    0.479564114    0.473345344    0.471859525
   10.720720721    0.479260964    0.474521093    0.473335580
   10.735735736    0.477885110    0.475510128    0.474847296
   10.750750751    0.477087783    0.476989266    0.476845199
   10.765765766    0.479426966    0.480826063    0.481038118
   10.780780781    0.486066309    0.488149164    0.488534741
   10.795795796    0.494566957    0.497095746    0.497588321
   10.810810811    0.501623405    0.504732229    0.505340506
   10.825825826    0.506657206    0.510493379    0.511245193
   10.840840841    0.511348923    0.516164738    0.517142103
   10.855855856    0.516563219    0.522360575    0.523591269
   10.870870871    0.521350505    0.527339695    0.528642518
   10.885885886    0.524569147    0.529397192    0.530431718
   10.900900901    0.526455165    0.528962376    0.529422976
   10.915915916    0.528427219    0.528145497    0.527909339
   10.930930931    0.531406309    0.528516941    0.527642304
   10.945945946    0.534347813    0.529377768    0.528028556
   10.960960961    0.535515481    0.529232169    0.527615384
   10.975975976    0.535120085    0.528560079    0.526899893
   10.990990991    0.534836396    0.529026015    0.527534935
   11.006006006    0.535889234    0.531284471    0.530061426
   11.021021021    0.538311978    0.534828043    0.533850114
   11.036036036    0.541597639    0.539003788    0.538207610
   11.051051051    0.545440356    0.543453786    0.542780401
   11.066066066    0.549983461    0.548287113    0.547689187
   11.081081081    0.555045683    0.553401044    0.552838843
   11.096096096    0.559821509    0.558005165    0.557418685
   11.111111111    0.563794367    0.561569930    0.560890910
   11.126126126    0.567217368    0.564624920    0.563852903
   11.141141141    0.571410839    0.568967480    0.568208185
   11.156156156    0.578588609    0.576819552    0.576187507
   11.171171171    0.589666198    0.588912113    0.588493392
   11.186186186    0.603068970    0.603770413    0.603689072
   11.201201201    0.616461136    0.618875394    0.619233801
   11.216216216    0.628199529    0.632245244    0.633037547
   11.231231231    0.637826006    0.643485959    0.644650732
   11.246246246    0.644965192    0.652542503    0.654078795
   11.261261261    0.648560825    0.658336759    0.660298124
   11.276276276    0.648696356    0.660569244    0.662992866
   11.291291291    0.647667825    0.661225797    0.664095295
   11.306306306    0.647155093    0.661969885    0.665222524
   11.321321321    0.646969158    0.662764307    0.666335427
   11.336336336    0.647136099    0.663642276    0.667457754
   11.351351351    0.647962170    0.664564711    0.668461094
   11.366366366    0.649286187    0.665018411    0.668731669
   11.381381381    0.651909414    0.665859394    0.669132634
   11.396396396    0.657001835    0.668771782    0.671484753
   11.411411411    0.664576380    0.674626619    0.676903350
   11.426426426    0.673482543    0.682785510    0.684889917
   11.441441441    0.681537777    0.691245201    0.693462391
   11.456456456    0.687124945    0.698252536    0.700833091
   11.471471471    0.691221198    0.703962668    0.706963327
   11.486486486    0.695554041    0.709234682    0.712507735
   11.501501502    0.699965419    0.714231689    0.717671750
   11.516516517    0.703393840    0.719133274    0.722893423
   11.531531532    0.707161968    0.725580766    0.729920756
   11.546546547    0.713694376    0.735346321    0.740410767
   11.561561562    0.723117806    0.748067333    0.753898220
   11.576576577    0.734693347    0.762781315    0.769375616
   11.591591592    0.748449242    0.778865522    0.786047163
   11.606606607    0.762602029    0.793996518    0.801417547
   11.621621622    0.773929504    0.805482959    0.812882686
   11.636636637    0.781745230    0.813289822    0.820598673
   11.651651652    0.787643338    0.818444800    0.825558501
   11.666666667    0.792110718    0.820462241    0.827071339
   11.681681682    0.794413785    0.818874819    0.824668053
   11.696696697    0.795352419    0.815912775    0.820828844
   11.711711712    0.796619757    0.814282203    0.818480374
   11.726726727    0.798771975    0.814472552    0.818141108
   11.741741742    0.801566887    0.815833892    0.819112773
   11.756756757    0.803600654    0.816931808    0.820001379
   11.771771772    0.803152747    0.816439868    0.819556732
   11.786786787    0.801209848    0.815831796    0.819285219
   11.801801802    0.801644998    0.819037906    0.823124620
   11.816816817    0.806940897    0.827910681    0.832859808
   11.831831832    0.815348385    0.839604907    0.845420156
   11.846846847    0.823201725    0.849784164    0.856240772
   11.861861862    0.828471485    0.856488433    0.863308247
   11.876876877    0.831098961    0.859870150    0.866825639
   11.891891892    0.832702781    0.862017395    0.869042415
   11.906906907    0.836517454    0.866541151    0.873712108
   11.921921922    0.845951882    0.876996362    0.884435244
   11.936936937    0.861333867    0.894081444    0.901961341
   11.951951952    0.880054034    0.915619676    0.924180027
   11.966966967    0.900208573    0.939718925    0.949217120
   11.981981982    0.920956016    0.964831218    0.975377163
   11.996996997    0.940816554    0.988292326    0.999690953
   12.012012012    0.958586202    1.007794605    1.019543231
   12.027027027    0.972809224    1.021556949    1.033086444
   12.042042042    0.980902591    1.027691068    1.038664254
   12.057057057    0.982627498    1.027005845    1.037400404
   12.072072072    0.981382001    1.023095426    1.032919481
   12.087087087    0.980448162    1.018792648    1.027861972
   12.102102102    0.981234545    1.015733715    1.023899424
   12.117117117    0.983299449    1.014530058    1.021916345
   12.132132132    0.983726484    1.013267748    1.020251061
   12.147147147    0.980363255    1.010135433    1.017168631
   12.162162162    0.975259568    1.006779009    1.014233120
   12.177177177    0.972690447    1.006180207    1.014142527
   12.192192192    0.975588665    1.009623293    1.017769688
   12.207207207    0.983482435    1.016270888    1.024134444
   12.222222222    0.993580728    1.024683558    1.032122268
   12.237237237    1.002841403    1.033129542    1.040386026
   12.252252252    1.010079296    1.040177947    1.047462969
   12.267267267    1.017960956    1.047886649    1.055192583
   12.282282282    1.029111133    1.059468663    1.066854960
   12.297297297    1.042453360    1.074481000    1.082166219
   12.312312312    1.056305963    1.090890504    1.099069525
   12.327327327    1.070344257    1.108338754    1.117264048
   12.342342342    1.084555382    1.127495860    1.137619831
   12.357357357    1.098561393    1.147474563    1.159133062
   12.372372372    1.111071277    1.165257057    1.178321782
   12.387387387    1.122188496    1.179621842    1.193586797
   12.402402402    1.134264808    1.192779315    1.207063912
   12.417417417    1.147656630    1.206005538    1.220219603
   12.432432432    1.159103310    1.216883002    1.230852415
   12.447447447    1.165415003    1.222384192    1.236021984
   12.462462462    1.166786697    1.222714930    1.235990353
   12.477477477    1.166586834    1.221316838    1.234230363
   12.492492492    1.166579423    1.220507306    1.233199187
   12.507507508    1.165774155    1.219814944    1.232570255
   12.522522523    1.163700450    1.218257445    1.231231281
   12.537537538    1.160915852    1.215381657    1.228442419
   12.552552553    1.157185567    1.210390368    1.223223252
   12.567567568    1.152270573    1.203475104    1.215881608
   12.582582583    1.146527860    1.196232282    1.208350617
   12.597597598    1.141207404    1.190743914    1.202871067
   12.612612613    1.139178167    1.189283214    1.201543638
   12.627627628    1.141685885    1.191717069    1.203922327
   12.642642643    1.147999620    1.196640603    1.208472548
   12.657657658    1.158317447    1.204067750    1.215178244
   12.672672673    1.172991920    1.214808620    1.224913736
   12.687687688    1.191410611    1.229330473    1.238432236
   12.702702703    1.213353530    1.247677509    1.255925417
   12.717717718    1.238600318    1.269422538    1.276867014
   12.732732733    1.265910589    1.293971464    1.300703305
   12.747747748    1.294059061    1.321073119    1.327424752
   12.762762763    1.321736098    1.350256462    1.356857140
   12.777777778    1.346702449    1.379483669    1.387129098
   12.792792793    1.366778158    1.405297814    1.414469694
   12.807807808    1.380660667    1.424081590    1.434560235
   12.822822823    1.387428382    1.432942188    1.443954176
   12.837837838    1.386309353    1.430836090    1.441566185
   12.852852853    1.378030157    1.419985626    1.430008449
   12.867867868    1.366669848    1.405822249    1.415045091
   12.882882883    1.357868252    1.394480372    1.402967059
   12.897897898    1.354177512    1.389180064    1.397203618
   12.912912913    1.353835115    1.388813043    1.396840203
   12.927927928    1.354973456    1.391142636    1.399526863
   12.942942943    1.357221213    1.394467834    1.403175594
   12.957957958    1.359530236    1.396846131    1.405622209
   12.972972973    1.361473173    1.398094061    1.406791479
   12.987987988    1.364979527    1.400891595    1.409514808
   13.003003003    1.373467076    1.409008378    1.417585160
   13.018018018    1.388750146    1.424397797    1.432995969
   13.033033033    1.410063893    1.446253719    1.454974925
   13.048048048    1.436363529    1.473102700    1.481961847
   13.063063063    1.467793492    1.504809110    1.513773113
   13.078078078    1.501231679    1.538658123    1.547817126
   13.093093093    1.530130562    1.568845649    1.578406559
   13.108108108    1.551975606    1.592848546    1.602962539
   13.123123123    1.568035116    1.610797555    1.621390029
   13.138138138    1.578761551    1.622410791    1.633267491
   13.153153153    1.585050864    1.629219861    1.640210587
   13.168168168    1.588885601    1.634069634    1.645229178
   13.183183183    1.590789317    1.637084007    1.648425834
   13.198198198    1.590553851    1.636354213    1.647562789
   13.213213213    1.588127150    1.631205845    1.641747078
   13.228228228    1.583357233    1.623106036    1.632763564
   13.243243243    1.577083947    1.613950290    1.622849767
   13.258258258    1.573002923    1.606849340    1.615022822
   13.273273273    1.573676118    1.604371502    1.611747578
   13.288288288    1.577553579    1.606293304    1.613060113
   13.303303303    1.581904899    1.611043954    1.617771731
   13.318318318    1.585975731    1.617367437    1.624612402
   13.333333333    1.590240251    1.624119853    1.632017470
   13.348348348    1.594213396    1.629781941    1.638174037
   13.363363363    1.598104710    1.634281749    1.642941313
   13.378378378    1.604929700    1.640719969    1.649386317
   13.393393393    1.618866642    1.653315220    1.661660031
   13.408408408    1.642540377    1.674560650    1.682244015
   13.423423423    1.675728702    1.705309572    1.712349526
   13.438438438    1.715093203    1.744315921    1.751271338
   13.453453453    1.753687299    1.785557886    1.793204633
   13.468468468    1.784785964    1.821460017    1.830304977
   13.483483483    1.808453191    1.850459812    1.860502831
   13.498498498    1.828549874    1.875735857    1.886856028
   13.513513514    1.849224700    1.901472834    1.913712025
   13.528528529    1.874752536    1.931285120    1.944600212
   13.543543544    1.905040880    1.964415696    1.978529798
   13.558558559    1.934108923    1.995134454    2.009717787
   13.573573574    1.956706141    2.018707739    2.033523532
   13.588588589    1.972749431    2.035048162    2.049923360
   13.603603604    1.982939527    2.044218882    2.058852064
   13.618618619    1.986529119    2.044736593    2.058573895
   13.633633634    1.984877153    2.038043745    2.050491618
   13.648648649    1.979616698    2.026878941    2.037671175
   13.663663664    1.970421733    2.012448445    2.021881389
   13.678678679    1.959324650    1.997815793    2.006526645
   13.693693694    1.953309376    1.989796374    1.998299680
   13.708708709    1.956400044    1.992262053    2.000891484
   13.723723724    1.964138608    2.001860731    2.011026071
   13.738738739    1.970473957    2.013072468    2.023310684
   13.753753754    1.974160713    2.023511129    2.035256592
   13.768768769    1.976935753    2.033350211    2.046746655
   13.783783784    1.981551803    2.043837975    2.058635881
   13.798798799    1.990999826    2.057621673    2.073382202
   13.813813814    2.007832156    2.079173693    2.095890987
   13.828828829    2.031714079    2.109652870    2.127844752
   13.843843844    2.058270100    2.143981904    2.164113796
   13.858858859    2.080683744    2.174030428    2.196193130
   13.873873874    2.095169535    2.195680881    2.219776652
   13.888888889    2.103868363    2.212571193    2.238852746
   13.903903904    2.110916406    2.230463312    2.259590407
   13.918918919    2.117685309    2.250093764    2.282565899
   13.933933934    2.122778832    2.267767545    2.303517497
   13.948948949    2.125190791    2.280569822    2.318999896
   13.963963964    2.126331050    2.289123394    2.329422664
   13.978978979    2.130486712    2.298181400    2.339681655
   13.993993994    2.142672140    2.314059218    2.356358132
   14.009009009    2.163123829    2.338096284    2.381025286
   14.024024024    2.185102017    2.363546611    2.407120188
   14.039039039    2.200816833    2.381425383    2.425529990
   14.054054054    2.208961084    2.389425776    2.433610278
   14.069069069    2.214736553    2.392839582    2.436471240
   14.084084084    2.224271893    2.399071704    2.441743678
   14.099099099    2.241713353    2.413511149    2.455260398
   14.114114114    2.264187453    2.433131079    2.474152218
   14.129129129    2.280889772    2.447503218    2.488138686
   14.144144144    2.285544410    2.451550203    2.492297535
   14.159159159    2.284095551    2.451530993    2.492798411
   14.174174174    2.286918760    2.457762139    2.499915404
   14.189189189    2.300604030    2.475924398    2.519145919
   14.204204204    2.326923997    2.505906426    2.549936215
   14.219219219    2.362729701    2.543716500    2.588121034
   14.234234234    2.401016025    2.584698114    2.629719149
   14.249249249    2.435905089    2.626301231    2.673129918
   14.264264264    2.466537191    2.667857702    2.717693317
   14.279279279    2.493910129    2.707597804    2.760761890
   14.294294294    2.517412490    2.742589592    2.798705626
   14.309309309    2.538824767    2.774401935    2.832997896
   14.324324324    2.565003837    2.809323889    2.869688020
   14.339339339    2.600551222    2.849017753    2.909664644
   14.354354354    2.642097778    2.887395593    2.946467609
   14.369369369    2.682819659    2.918513090    2.974713790
   14.384384384    2.717209040    2.941380350    2.994473284
   14.399399399    2.742170805    2.958346900    3.009287626
   14.414414414    2.758445744    2.972353414    3.022640910
   14.429429429    2.771837857    2.987016759    3.037518436
   14.444444444    2.786542080    3.002807170    3.053299215
   14.459459459    2.801675743    3.017605716    3.067654438
   14.474474474    2.816682969    3.031983568    3.081615935
   14.489489489    2.834552499    3.049662068    3.099030792
   14.504504505    2.860932531    3.076727380    3.126082242
   14.519519520    2.900066056    3.117823365    3.167739935
   14.534534535    2.948879415    3.168301631    3.219004511
   14.549549550    2.999512861    3.218056053    3.268801970
   14.564564565    3.049452438    3.265440181    3.315483834
   14.579579580    3.103411123    3.318346332    3.368014853
   14.594594595    3.162850871    3.379813335    3.429879090
   14.609609610    3.224613434    3.446188890    3.497099038
   14.624624625    3.288194746    3.515391878    3.567143274
   14.639639640    3.353174547    3.584856951    3.637112127
   14.654654655    3.414677930    3.647949347    3.700157625
   14.669669670    3.463331532    3.694613842    3.746003756
   14.684684685    3.488262448    3.714842037    3.764671880
   14.699699700    3.490198563    3.711662686    3.759514494
   14.714714715    3.484643673    3.701714552    3.747385097
   14.729729730    3.484354326    3.694785530    3.737541514
   14.744744745    3.487894057    3.685401084    3.723912665
   14.759759760    3.486711858    3.666396971    3.699992246
   14.774774775    3.477518768    3.638971480    3.668087786
   14.789789790    3.469268632    3.614477913    3.640009757
   14.804804805    3.479916724    3.611169019    3.633769544
   14.819819820    3.520434262    3.638958371    3.658744263
   14.834834835    3.583205618    3.687869512    3.704231956
   14.849849850    3.652732411    3.740911518    3.753010424
   14.864864865    3.719195510    3.789285934    3.796720745
   14.879879880    3.784571677    3.835156692    3.837759948
   14.894894895    3.853369177    3.880599541    3.878002221
   14.909909910    3.918258818    3.919069612    3.911328752
   14.924924925    3.964362324    3.941383370    3.929569044
   14.939939940    3.981057186    3.941716487    3.927474185
   14.954954955    3.972137629    3.923444757    3.908048778
   14.969969970    3.951710262    3.895081417    3.878491593
   14.984984985    3.927430130    3.861608080    3.843349030
   15.000000000    3.898128316    3.827307758    3.808251412
