# energy grid [eV]     epsi_x  epsi_y  epsi_z
#
    0.000000000    0.000000000    0.000000000    0.000000000
    0.015015015    0.019434100    0.021490266    0.021978271
    0.030030030    0.038901655    0.043014776    0.043991014
    0.045045045    0.058436314    0.064607948    0.066072870
    0.060060060    0.078072115    0.086304539    0.088258812
    0.075075075    0.097843687    0.108139832    0.110584319
    0.090090090    0.117786456    0.130149812    0.133085556
    0.105105105    0.137936871    0.152371359    0.155799553
    0.120120120    0.158332631    0.174842446    0.178764405
    0.135135135    0.179012940    0.197602359    0.202019472
    0.150150150    0.200018779    0.220691921    0.225605601
    0.165165165    0.221393206    0.244153742    0.249565367
    0.180180180    0.243181682    0.268032489    0.273943325
    0.195195195    0.265432444    0.292375185    0.298786292
    0.210210210    0.288196914    0.317231533    0.324143662
    0.225225225    0.311530166    0.342654286    0.350067743
    0.240240240    0.335491459    0.368699652    0.376614140
    0.255255255    0.360144837    0.395427754    0.403842186
    0.270270270    0.385559836    0.422903154    0.431815418
    0.285285285    0.411812287    0.451195438    0.460602123
    0.300300300    0.438985262    0.480379900    0.490275956
    0.315315315    0.467170180    0.510538316    0.520916646
    0.330330330    0.496468113    0.541759850    0.552610811
    0.345345345    0.526991335    0.574142096    0.585452886
    0.360360360    0.558865176    0.607792312    0.619546221
    0.375375375    0.592230253    0.642828856    0.655004342
    0.390390390    0.627245174    0.679382906    0.691952443
    0.405405405    0.664089845    0.717600496    0.730529151
    0.420420420    0.702969540    0.757644971    0.770888611
    0.435435435    0.744119970    0.799699965    0.813203002
    0.450450450    0.787813630    0.843973032    0.857665556
    0.465465465    0.834367860    0.890700131    0.904494247
    0.480480480    0.884155171    0.940151210    0.953936313
    0.495495495    0.937616648    0.992637241    1.006273866
    0.510510511    0.995279565    1.048519203    1.061830934
    0.525525526    1.057780872    1.108219673    1.120982396
    0.540540541    1.125898999    1.172238056    1.184165484
    0.555555556    1.200597642    1.241170871    1.251894805
    0.570570571    1.283087155    1.315739309    1.324782299
    0.585585586    1.374912286    1.396827364    1.403564231
    0.600600601    1.478080137    1.485535728    1.489138457
    0.615615616    1.595250614    1.583259620    1.582616946
    0.630630631    1.730025203    1.691803542    1.685401434
    0.645645646    1.887390648    1.813553309    1.799294399
    0.660660661    2.074399644    1.951735130    1.926663364
    0.675675676    2.301175362    2.110795285    2.070680069
    0.690690691    2.582183946    2.296893218    2.235638198
    0.705705706    2.936948178    2.518266408    2.427239345
    0.720720721    3.386681921    2.784393956    2.652323970
    0.735735736    3.938581697    3.101414445    2.916790165
    0.750750751    4.560699826    3.464739686    3.222207780
    0.765765766    5.208993843    3.868105395    3.570849851
    0.780780781    5.913101007    4.330999103    3.979972393
    0.795795796    6.723819023    4.881768214    4.472881023
    0.810810811    7.604488274    5.518606051    5.055608386
    0.825825826    8.459284932    6.206319183    5.706626987
    0.840840841    9.238028885    6.909624653    6.394083293
    0.855855856   10.036755941    7.664183167    7.140083457
    0.870870871   10.948345661    8.525802689    7.991869443
    0.885885886   11.842305769    9.427752824    8.896915179
    0.900900901   12.544205331   10.277693907    9.781986330
    0.915915916   13.223792398   11.207338536   10.770880821
    0.930930931   14.171054457   12.444634293   12.077234444
    0.945945946   15.317631149   14.013170212   13.744830913
    0.960960961   16.415663699   15.799863908   15.691511170
    0.975975976   17.449421984   17.768950529   17.877646309
    0.990990991   18.611344561   19.973329077   20.324518745
    1.006006006   20.029953780   22.455639255   23.054496214
    1.021021021   21.557781474   25.045587098   25.890059046
    1.036036036   22.952977391   27.458851546   28.536683258
    1.051051051   24.178294594   29.633012645   30.927518927
    1.066066066   25.248073303   31.552668927   33.041247428
    1.081081081   26.110594377   33.125469914   34.776880405
    1.096096096   26.618246328   34.245178934   36.036821876
    1.111111111   26.717899372   34.932391474   36.856765897
    1.126126126   26.654959705   35.434405971   37.482976043
    1.141141141   26.661728777   35.946869085   38.103014460
    1.156156156   26.788237046   36.513344805   38.761312553
    1.171171171   26.993898060   37.080163265   39.402478310
    1.186186186   27.273229656   37.588959122   39.959134565
    1.201201201   27.757700222   38.206821176   40.609130414
    1.216216216   28.606343673   39.239096865   41.689788116
    1.231231231   29.807673078   40.845120582   43.395880930
    1.246246246   31.104628439   42.847906852   45.563631310
    1.261261261   32.196736349   44.850167625   47.771223320
    1.276276276   33.111131291   46.664172462   49.785001204
    1.291291291   34.130347916   48.404277437   51.686158318
    1.306306306   35.529744073   50.286026672   53.680321621
    1.321321321   37.382366831   52.436299970   55.905556698
    1.336336336   39.505766439   54.863502711   58.410174972
    1.351351351   41.649056310   57.462944877   61.115903126
    1.366366366   43.479777821   59.732788959   63.475217556
    1.381381381   44.593199774   60.970927145   64.724618273
    1.396396396   44.895261084   61.027469154   64.712465946
    1.411411411   44.682801735   60.336696422   63.906590648
    1.426426426   44.235104370   59.241159292   62.661071609
    1.441441441   43.712982790   57.890610251   61.124923545
    1.456456456   43.500710617   56.761350920   59.799273531
    1.471471471   44.037711592   56.483656005   59.354939787
    1.486486486   45.347672318   57.227003054   59.986470448
    1.501501502   47.012977912   58.620218075   61.325846774
    1.516516517   48.567144369   60.177693767   62.882251994
    1.531531532   49.824471956   61.587971969   64.317740969
    1.546546547   50.735266979   62.619681955   65.362309156
    1.561561562   51.165394526   63.014926198   65.734590769
    1.576576577   51.039408833   62.651439745   65.307548544
    1.591591592   50.461237875   61.696383674   64.264259305
    1.606606607   49.744461627   60.600020342   63.085393682
    1.621621622   49.328668811   59.875821145   62.298605940
    1.636636637   49.463682921   59.706551623   62.064268504
    1.651651652   49.997386618   59.772558703   62.018070202
    1.666666667   50.558838072   59.578477942   61.639584022
    1.681681682   50.971671822   59.004678999   60.835021206
    1.696696697   51.376987042   58.356326225   59.951234422
    1.711711712   51.900194025   57.907589048   59.289556202
    1.726726727   52.474017882   57.698620977   58.910424781
    1.741741742   53.034090095   57.708062094   58.804017647
    1.756756757   53.636497388   57.915480464   58.928337478
    1.771771772   54.312702292   58.174687001   59.089202778
    1.786786787   54.893855321   58.190024754   58.964321702
    1.801801802   55.279156351   57.858957724   58.462168352
    1.816816817   55.556253542   57.348515545   57.769028616
    1.831831832   55.703224443   56.721947849   56.960951638
    1.846846847   55.605617727   55.883882193   55.947105669
    1.861861862   55.188662535   54.766146654   54.663784395
    1.876876877   54.393635986   53.347366651   53.097766465
    1.891891892   53.285513025   51.707981414   51.335579793
    1.906906907   52.179418716   50.142463697   49.672045470
    1.921921922   51.452327366   48.996130130   48.442401596
    1.936936937   51.107045565   48.247769635   47.607711027
    1.951951952   50.871858503   47.578388727   46.835892165
    1.966966967   50.678690066   46.862784802   45.997744121
    1.981981982   50.582341825   46.148565862   45.141376005
    1.996996997   50.413478022   45.346252729   44.192277092
    2.012012012   49.930627226   44.388549709   43.124068900
    2.027027027   49.183613374   43.414953742   42.100227232
    2.042042042   48.372584381   42.576142388   41.257678087
    2.057057057   47.385098109   41.775626509   40.496715012
    2.072072072   45.959859896   40.802482426   39.618201866
    2.087087087   44.170500163   39.634887051   38.584823971
    2.102102102   42.363290404   38.420219284   37.501876112
    2.117117117   40.748582787   37.276460439   36.466351193
    2.132132132   39.339319866   36.253209607   35.533846050
    2.147147147   38.052456559   35.304906103   34.662996338
    2.162162162   36.765085961   34.305018444   33.725978069
    2.177177177   35.417551548   33.206601219   32.682682698
    2.192192192   34.110578712   32.137151175   31.669751602
    2.207207207   32.957008914   31.201310516   30.786512100
    2.222222222   31.883305268   30.346439120   29.981813541
    2.237237237   30.800899767   29.543135322   29.241685778
    2.252252252   29.748420276   28.851571784   28.632066364
    2.267267267   28.827869742   28.300746184   28.165824926
    2.282282282   28.203210557   27.933479038   27.860903719
    2.297297297   28.032837922   27.845475710   27.798888393
    2.312312312   28.259834859   28.002734787   27.946490434
    2.327327327   28.588791497   28.189003820   28.102084578
    2.342342342   28.757616195   28.236913150   28.121477281
    2.357357357   28.728423547   28.155957008   28.027493559
    2.372372372   28.569853842   28.010188911   27.883320621
    2.387387387   28.341200220   27.799740735   27.675891070
    2.402402402   28.095107281   27.468370973   27.324327553
    2.417417417   27.806008141   26.968953270   26.775241743
    2.432432432   27.382353883   26.295082559   26.041924214
    2.447447447   26.878995858   25.546647922   25.237394235
    2.462462462   26.489108247   24.896156234   24.529766992
    2.477477477   26.329458456   24.450096951   24.021329736
    2.492492492   26.423088097   24.225837696   23.727130478
    2.507507508   26.744658624   24.184373635   23.603726037
    2.522522523   27.074546547   24.169440667   23.507286416
    2.537537538   27.081689665   23.969563592   23.255077087
    2.552552553   26.669628606   23.527514948   22.802937806
    2.567567568   26.065805478   22.988263919   22.278886642
    2.582582583   25.495012356   22.506173958   21.819045418
    2.597597598   24.954340149   22.067490837   21.404494177
    2.612612613   24.357325627   21.575358069   20.936383925
    2.627627628   23.694938565   21.031001693   20.419818565
    2.642642643   23.018693026   20.523298206   19.951614306
    2.657657658   22.365456342   20.086538532   19.564188119
    2.672672673   21.706889031   19.656808116   19.185167129
    2.687687688   20.991802141   19.172087168   18.751178470
    2.702702703   20.293472107   18.701497954   18.332042463
    2.717717718   19.731663822   18.350597191   18.029655979
    2.732732733   19.311469213   18.101489866   17.819505774
    2.747747748   18.988536346   17.866451222   17.604329190
    2.762762763   18.762124606   17.608127585   17.339148955
    2.777777778   18.604863404   17.319548513   17.021173410
    2.792792793   18.444576648   16.991348913   16.655073240
    2.807807808   18.202613016   16.597501198   16.226642136
    2.822822823   17.852337963   16.116782499   15.716170611
    2.837837838   17.463708943   15.604456053   15.176086864
    2.852852853   17.084760183   15.127353279   14.677149408
    2.867867868   16.680147663   14.685740436   14.227321698
    2.882882883   16.212318205   14.242513819   13.789413158
    2.897897898   15.678622476   13.766996963   13.326509178
    2.912912913   15.103889290   13.260550695   12.835206963
    2.927927928   14.569313695   12.786062990   12.375175682
    2.942942943   14.186422857   12.429363463   12.026190287
    2.957957958   14.004793037   12.219291683   11.811602733
    2.972972973   13.993056511   12.128443028   11.704324255
    2.987987988   14.048835336   12.084731713   11.638425441
    3.003003003   14.037754031   12.000991520   11.537404698
    3.018018018   13.883846817   11.836362532   11.369117332
    3.033033033   13.608300735   11.608383205   11.150803504
    3.048048048   13.260973964   11.337386656   10.896101978
    3.063063063   12.857077365   11.023774770   10.602154194
    3.078078078   12.397502727   10.676115397   10.279726792
    3.093093093   11.929763902   10.339798088    9.973895340
    3.108108108   11.512605955   10.054016193    9.718743782
    3.123123123   11.167331804    9.817249920    9.507183781
    3.138138138   10.887566084    9.610854323    9.317871794
    3.153153153   10.646943728    9.416889045    9.134630347
    3.168168168   10.396120999    9.210248945    8.937481361
    3.183183183   10.106986326    8.972393206    8.710541540
    3.198198198    9.801326197    8.717438959    8.467035021
    3.213213213    9.513265112    8.480621165    8.242470799
    3.228228228    9.257454111    8.283912535    8.059976929
    3.243243243    9.059877450    8.144738561    7.934999188
    3.258258258    8.952115428    8.083469581    7.885104641
    3.273273273    8.927626029    8.090001044    7.898956334
    3.288288288    8.943933441    8.121547666    7.933626517
    3.303303303    8.934720014    8.124465586    7.938606488
    3.318318318    8.853996940    8.072592007    7.892742196
    3.333333333    8.709551200    7.981100026    7.813081823
    3.348348348    8.541890729    7.880555022    7.728019595
    3.363363363    8.393451022    7.797749680    7.660620664
    3.378378378    8.300843103    7.754221739    7.628692477
    3.393393393    8.276046347    7.756935436    7.637833128
    3.408408408    8.287113850    7.783078598    7.667173286
    3.423423423    8.284236270    7.789389787    7.675026638
    3.438438438    8.234010887    7.739737208    7.624856521
    3.453453453    8.131820079    7.629032746    7.511722640
    3.468468468    7.988031521    7.469860603    7.348823092
    3.483483483    7.822169860    7.275986733    7.148545785
    3.498498498    7.657922252    7.066503256    6.928840614
    3.513513514    7.506978598    6.859912156    6.709771105
    3.528528529    7.353297907    6.658335728    6.497371624
    3.543543544    7.154254665    6.440749664    6.275430577
    3.558558559    6.896999823    6.198764865    6.036926237
    3.573573574    6.629546303    5.960094217    5.805055576
    3.588588589    6.407240991    5.756775279    5.606495015
    3.603603604    6.249577650    5.604091519    5.455522537
    3.618618619    6.145655175    5.497974266    5.349458854
    3.633633634    6.083172442    5.426841556    5.276834331
    3.648648649    6.049642097    5.377238576    5.223868479
    3.663663664    6.020236838    5.327103315    5.169058461
    3.678678679    5.979780664    5.266807089    5.104199604
    3.693693694    5.930431537    5.206100239    5.040704211
    3.708708709    5.866206014    5.143131779    4.977647153
    3.723723724    5.789641646    5.078177821    4.915217139
    3.738738739    5.716607223    5.025592145    4.867470951
    3.753753754    5.639109229    4.979746405    4.828797047
    3.768768769    5.518017801    4.905729540    4.764970879
    3.783783784    5.336967498    4.786007935    4.658642227
    3.798798799    5.128858452    4.646491848    4.534612479
    3.813813814    4.946123240    4.533144997    4.437451740
    3.828828829    4.834417209    4.483311461    4.402430573
    3.843843844    4.802922768    4.497061284    4.427133508
    3.858858859    4.814387167    4.534552661    4.470822225
    3.873873874    4.828276213    4.558134531    4.496560113
    3.888888889    4.825683309    4.557587901    4.496227241
    3.903903904    4.795682355    4.534268504    4.474035525
    3.918918919    4.735237569    4.489184331    4.432033876
    3.933933934    4.662099249    4.431152862    4.377196763
    3.948948949    4.599498268    4.375669403    4.323317707
    3.963963964    4.552297098    4.332567842    4.281296004
    3.978978979    4.514543556    4.305163062    4.256459166
    3.993993994    4.478728485    4.289906889    4.246027008
    4.009009009    4.441522710    4.281706102    4.244496586
    4.024024024    4.404915308    4.278152215    4.248503941
    4.039039039    4.370129116    4.274113775    4.251429854
    4.054054054    4.338649447    4.266114813    4.248641775
    4.069069069    4.312131847    4.254445359    4.240109039
    4.084084084    4.283615025    4.234798482    4.222171875
    4.099099099    4.244532782    4.202494693    4.191143324
    4.114114114    4.192922315    4.155638214    4.145095906
    4.129129129    4.129519344    4.091031927    4.079946540
    4.144144144    4.061013426    4.012032023    3.998457385
    4.159159159    3.996924736    3.927849351    3.909790848
    4.174174174    3.940564323    3.844832243    3.820941946
    4.189189189    3.885807285    3.764217336    3.734754728
    4.204204204    3.827854890    3.686475777    3.652845158
    4.219219219    3.771514533    3.613377070    3.576217458
    4.234234234    3.727983550    3.549680758    3.508121242
    4.249249249    3.707526411    3.504775552    3.457741800
    4.264264264    3.700758902    3.477396677    3.425600874
    4.279279279    3.686054603    3.451907794    3.397505760
    4.294294294    3.654247633    3.418303468    3.363432310
    4.309309309    3.608434016    3.379674771    3.326483826
    4.324324324    3.551791225    3.339827445    3.290507637
    4.339339339    3.483060035    3.294174364    3.250108432
    4.354354354    3.403084002    3.238740721    3.200258744
    4.369369369    3.318242288    3.177676156    3.144648842
    4.384384384    3.238180966    3.118005841    3.089642421
    4.399399399    3.168546340    3.060906884    3.035351458
    4.414414414    3.107766779    3.005209857    2.980763670
    4.429429429    3.054108855    2.955809995    2.932338467
    4.444444444    3.011517556    2.922299648    2.900945056
    4.459459459    2.984535182    2.910880895    2.893076263
    4.474474474    2.971801470    2.915527981    2.901647721
    4.489489489    2.969146835    2.925612338    2.914642916
    4.504504505    2.970149974    2.936019474    2.927230077
    4.519519520    2.963805967    2.943941744    2.938433647
    4.534534535    2.950038875    2.952811708    2.952518395
    4.549549550    2.946788001    2.974527392    2.979978784
    4.564564565    2.962818794    3.010880190    3.020977740
    4.579579580    2.984414352    3.045626625    3.058672372
    4.594594595    2.991071329    3.059034659    3.073453082
    4.609609610    2.969911323    3.042987066    3.058283654
    4.624624625    2.919538592    3.003129977    3.020508236
    4.639639640    2.851155274    2.953070289    2.974472395
    4.654654655    2.788269080    2.914140107    2.941052207
    4.669669670    2.751322341    2.902661904    2.935441113
    4.684684685    2.741311194    2.913355133    2.950822840
    4.699699700    2.748305575    2.929372971    2.968898574
    4.714714715    2.767938652    2.944219927    2.982783435
    4.729729730    2.796205686    2.959362774    2.995076048
    4.744744745    2.824205910    2.974140263    3.006934080
    4.759759760    2.845257696    2.988031847    3.019209268
    4.774774775    2.859236912    3.004192803    3.035727529
    4.789789790    2.866021958    3.022513426    3.056431406
    4.804804805    2.868221385    3.042439026    3.080229410
    4.819819820    2.872492086    3.066166721    3.108399005
    4.834834835    2.882349984    3.091013309    3.136817117
    4.849849850    2.897847040    3.108921410    3.155515610
    4.864864865    2.914528629    3.114378668    3.158577354
    4.879879880    2.924472884    3.112306466    3.153725330
    4.894894895    2.925300184    3.113054131    3.154279937
    4.909909910    2.923016010    3.119106029    3.162084140
    4.924924925    2.920908289    3.122919670    3.167193721
    4.939939940    2.914715153    3.116089374    3.160219791
    4.954954955    2.906315863    3.102403616    3.145316218
    4.969969970    2.905696305    3.095110479    3.136432975
    4.984984985    2.913887453    3.096031495    3.135568868
    5.000000000    2.921370927    3.096176694    3.133891731
    5.015015015    2.919665726    3.089429172    3.125944092
    5.030030030    2.914095351    3.080891357    3.116789730
    5.045045045    2.920569040    3.083477392    3.118544830
    5.060060060    2.949664121    3.107257618    3.141069540
    5.075075075    2.999027116    3.151994791    3.184703947
    5.090090090    3.056643121    3.206022960    3.238045135
    5.105105105    3.107649119    3.251445844    3.282460751
    5.120120120    3.141215898    3.278220679    3.307835142
    5.135135135    3.156034287    3.291707496    3.320903371
    5.150150150    3.160037995    3.303942191    3.334695426
    5.165165165    3.168010306    3.326390323    3.360127314
    5.180180180    3.192035209    3.363786808    3.400504024
    5.195195195    3.236733075    3.414724123    3.453026558
    5.210210210    3.302893886    3.479040597    3.517095647
    5.225225225    3.384851336    3.554619616    3.591285287
    5.240240240    3.470993859    3.635768513    3.671147317
    5.255255255    3.556343030    3.722437249    3.757894605
    5.270270270    3.642957417    3.818038900    3.855486526
    5.285285285    3.724793803    3.915990181    3.957181355
    5.300300300    3.796563494    4.006243714    4.051763749
    5.315315315    3.869794850    4.091176642    4.139463754
    5.330330330    3.959869802    4.181310764    4.229694136
    5.345345345    4.066197062    4.278080764    4.324252072
    5.360360360    4.176612979    4.378553201    4.422117179
    5.375375375    4.284169094    4.485986471    4.529101935
    5.390390390    4.398729201    4.611920117    4.657338252
    5.405405405    4.534479784    4.763711630    4.812592074
    5.420420420    4.683666386    4.924886818    4.976386222
    5.435435435    4.827901922    5.072003685    5.124161596
    5.450450450    4.952032218    5.190078141    5.240951238
    5.465465465    5.047404019    5.276310142    5.325046511
    5.480480480    5.124247715    5.350742890    5.398592448
    5.495495495    5.196391648    5.433402466    5.483271224
    5.510510511    5.259802148    5.518357925    5.572813716
    5.525525526    5.306283000    5.592730116    5.653065587
    5.540540541    5.340210231    5.659650901    5.726894081
    5.555555556    5.373664417    5.733079238    5.808829791
    5.570570571    5.408926090    5.816621425    5.902989855
    5.585585586    5.434062485    5.893180933    5.991230043
    5.600600601    5.435217988    5.944612375    6.053987080
    5.615615616    5.405388604    5.968235428    6.089330433
    5.630630631    5.346549666    5.965620257    6.099446659
    5.645645646    5.270411189    5.935185453    6.080382050
    5.660660661    5.184801309    5.871960638    6.024188579
    5.675675676    5.082857973    5.769440769    5.923811727
    5.690690691    4.959095049    5.630908486    5.783801574
    5.705705706    4.822776410    5.469601557    5.617859834
    5.720720721    4.687254644    5.301822031    5.443036183
    5.735735736    4.559430296    5.138922510    5.272110209
    5.750750751    4.450094335    4.994379667    5.119301271
    5.765765766    4.367407745    4.880614093    4.997907750
    5.780780781    4.298441615    4.790904452    4.902768438
    5.795795796    4.223707757    4.706347700    4.815486636
    5.810810811    4.138650380    4.613298662    4.720546729
    5.825825826    4.051403531    4.509214101    4.612879991
    5.840840841    3.968599361    4.399149755    4.496920023
    5.855855856    3.890522806    4.290061027    4.381087486
    5.870870871    3.814701620    4.185162448    4.269857046
    5.885885886    3.746275502    4.090604522    4.169421506
    5.900900901    3.699685543    4.019964450    4.093152837
    5.915915916    3.676212815    3.975283700    4.043436695
    5.930930931    3.658909061    3.943621305    4.008200246
    5.945945946    3.630261809    3.908711250    3.971552811
    5.960960961    3.581672457    3.855329208    3.917041025
    5.975975976    3.516094921    3.779936693    3.839621963
    5.990990991    3.438002664    3.687719659    3.744321130
    6.006006006    3.346957757    3.584314305    3.637998298
    6.021021021    3.248040191    3.479307309    3.531385276
    6.036036036    3.151783280    3.381635478    3.433280967
    6.051051051    3.064803639    3.292107656    3.343327779
    6.066066066    2.989473497    3.207518699    3.256934199
    6.081081081    2.927349011    3.128535501    3.174335470
    6.096096096    2.880117487    3.060680112    3.101819513
    6.111111111    2.846846133    3.008156423    3.044813618
    6.126126126    2.818895707    2.963803578    2.996672475
    6.141141141    2.784030806    2.912625210    2.941853384
    6.156156156    2.742384756    2.854380597    2.879910364
    6.171171171    2.706309143    2.803874239    2.826087872
    6.186186186    2.681471314    2.766831602    2.786120235
    6.201201201    2.658020464    2.732572375    2.749227290
    6.216216216    2.624636920    2.690649266    2.705225765
    6.231231231    2.583502203    2.643268125    2.656279546
    6.246246246    2.547706514    2.601990001    2.613593802
    6.261261261    2.526731401    2.575412637    2.585654456
    6.276276276    2.521285319    2.564079267    2.573018107
    6.291291291    2.525646108    2.562294022    2.569936103
    6.306306306    2.528874942    2.559939955    2.566382849
    6.321321321    2.518301485    2.544912339    2.550405688
    6.336336336    2.485944097    2.509422573    2.514346503
    6.351351351    2.438219652    2.460326762    2.465093928
    6.366366366    2.392181943    2.414568409    2.419428147
    6.381381381    2.359782612    2.382743891    2.387561036
    6.396396396    2.343759814    2.366268917    2.370684805
    6.411411411    2.341776048    2.362493520    2.366298239
    6.426426426    2.344147545    2.361655648    2.364724085
    6.441441441    2.339209068    2.352370754    2.354532720
    6.456456456    2.323343276    2.331923607    2.333113322
    6.471471471    2.298198409    2.303324427    2.303776619
    6.486486486    2.266363728    2.269735399    2.269770567
    6.501501502    2.235593802    2.237139096    2.236639318
    6.516516517    2.217908787    2.214904851    2.213212758
    6.531531532    2.219994130    2.209132331    2.205528054
    6.546546547    2.241140888    2.219542748    2.213414225
    6.561561562    2.273341002    2.238404141    2.229207760
    6.576576577    2.304669141    2.254234657    2.241525836
    6.591591592    2.332820565    2.265068757    2.248435445
    6.606606607    2.363127344    2.278550866    2.258110910
    6.621621622    2.394578400    2.297071004    2.273763780
    6.636636637    2.419269918    2.313043118    2.287860901
    6.651651652    2.432967700    2.319618250    2.292854593
    6.666666667    2.441561721    2.319561138    2.290758472
    6.681681682    2.455835439    2.322670665    2.291187327
    6.696696697    2.482430204    2.335844757    2.301212422
    6.711711712    2.519667673    2.357922832    2.319892609
    6.726726727    2.557199801    2.381044151    2.339899013
    6.741741742    2.582870633    2.396619082    2.353306375
    6.756756757    2.598500681    2.407978903    2.363634047
    6.771771772    2.618562458    2.427729833    2.383097404
    6.786786787    2.650397706    2.459549960    2.414785041
    6.801801802    2.689636133    2.496984653    2.451847382
    6.816816817    2.733520044    2.538053297    2.492312363
    6.831831832    2.787998191    2.589949688    2.543540400
    6.846846847    2.861753419    2.660758759    2.613526753
    6.861861862    2.962253755    2.755257880    2.706555597
    6.876876877    3.093259588    2.874290107    2.822884918
    6.891891892    3.251038359    3.012731603    2.957050954
    6.906906907    3.425731419    3.160991651    3.099455176
    6.921921922    3.609888767    3.312339998    3.243521991
    6.936936937    3.800547433    3.463193231    3.385532601
    6.951951952    3.989702960    3.605525566    3.517427175
    6.966966967    4.156015680    3.723142405    3.624161061
    6.981981982    4.277160204    3.802760258    3.694465361
    6.996996997    4.349052038    3.845001600    3.730018972
    7.012012012    4.383604228    3.859939018    3.740530205
    7.027027027    4.398471178    3.862007567    3.739733595
    7.042042042    4.401338020    3.861228118    3.738181125
    7.057057057    4.373804052    3.847833559    3.728084736
    7.072072072    4.298897037    3.807127682    3.695154229
    7.087087087    4.195738084    3.748739919    3.646720845
    7.102102102    4.099001848    3.698457106    3.606729774
    7.117117117    4.027416761    3.672912577    3.591594293
    7.132132132    3.982955850    3.672390591    3.601128488
    7.147147147    3.965531265    3.691791759    3.628906944
    7.162162162    3.974999684    3.725728277    3.668365101
    7.177177177    4.002884504    3.764752998    3.709968972
    7.192192192    4.029619204    3.796141828    3.742551120
    7.207207207    4.039303128    3.816946876    3.765970791
    7.222222222    4.038241066    3.841910204    3.796785410
    7.237237237    4.045052791    3.885435294    3.848567321
    7.252252252    4.057797862    3.936642095    3.908685584
    7.267267267    4.053693357    3.966228838    3.946336171
    7.282282282    4.022277716    3.958136388    3.943925233
    7.297297297    3.976979854    3.923512182    3.911917802
    7.312312312    3.934456460    3.883848011    3.872860920
    7.327327327    3.907675560    3.857169413    3.846047111
    7.342342342    3.906388767    3.854739719    3.843197183
    7.357357357    3.922280704    3.868633558    3.856513464
    7.372372372    3.932747951    3.875119719    3.862071337
    7.387387387    3.922617426    3.857038525    3.842293179
    7.402402402    3.892150401    3.812616635    3.794900761
    7.417417417    3.848892466    3.750041804    3.728152840
    7.432432432    3.800605776    3.681399140    3.655116691
    7.447447447    3.753322474    3.616332302    3.586183499
    7.462462462    3.711326529    3.557162945    3.523117951
    7.477477477    3.679208049    3.503824769    3.464862189
    7.492492492    3.663092116    3.461223233    3.416123823
    7.507507508    3.660144192    3.430258245    3.378680357
    7.522522523    3.650595607    3.399388649    3.342844551
    7.537537538    3.614260212    3.355473324    3.297019085
    7.552552553    3.550571373    3.296403560    3.238859077
    7.567567568    3.475381843    3.231118164    3.175852950
    7.582582583    3.404857179    3.171597456    3.118994981
    7.597597598    3.346647683    3.125253997    3.075500417
    7.612612613    3.298295848    3.090148787    3.043398528
    7.627627628    3.251829702    3.056201392    3.012139218
    7.642642643    3.206008414    3.018027245    2.975586385
    7.657657658    3.168268964    2.980122306    2.937657982
    7.672672673    3.143304904    2.947289915    2.903072850
    7.687687688    3.126487702    2.918877219    2.871970789
    7.702702703    3.107296347    2.889767352    2.840534027
    7.717717718    3.078868942    2.853757436    2.802850486
    7.732732733    3.048897482    2.814444813    2.761523892
    7.747747748    3.027316810    2.782485844    2.727249683
    7.762762763    3.011038221    2.762120326    2.705881354
    7.777777778    2.990656970    2.747736928    2.692672180
    7.792792793    2.960939422    2.729764471    2.677210128
    7.807807808    2.923782349    2.702511008    2.652303904
    7.822822823    2.881358288    2.664385007    2.615438261
    7.837837838    2.833922319    2.618407474    2.570005721
    7.852852853    2.782069615    2.571176477    2.523906081
    7.867867868    2.728917015    2.528869103    2.484021994
    7.882882883    2.680382022    2.494828199    2.453087336
    7.897897898    2.638661398    2.467617545    2.428853263
    7.912912913    2.600677980    2.444038573    2.408159139
    7.927927928    2.564309337    2.422132630    2.389246204
    7.942942943    2.532225136    2.401131215    2.370771428
    7.957957958    2.507166450    2.380352660    2.351234079
    7.972972973    2.486416618    2.357827954    2.328542987
    7.987987988    2.468487951    2.334803663    2.304449241
    8.003003003    2.457768263    2.317005180    2.285010683
    8.018018018    2.454926814    2.307640041    2.274058507
    8.033033033    2.451611468    2.302911436    2.269001270
    8.048048048    2.437983830    2.293760336    2.261107321
    8.063063063    2.411122566    2.273645022    2.242902566
    8.078078078    2.372942262    2.241730997    2.212685634
    8.093093093    2.326401047    2.199881446    2.171919903
    8.108108108    2.277213171    2.152914949    2.125234752
    8.123123123    2.231544250    2.106937758    2.078913021
    8.138138138    2.195022352    2.069061166    2.040509202
    8.153153153    2.173334719    2.046518604    2.017626455
    8.168168168    2.167017031    2.040560390    2.011683254
    8.183183183    2.167790275    2.044106006    2.015807064
    8.198198198    2.165641766    2.047566855    2.020498859
    8.213213213    2.157386842    2.045756204    2.020201853
    8.228228228    2.142418461    2.035712590    2.011434272
    8.243243243    2.119861900    2.016470820    1.993100232
    8.258258258    2.093288137    1.993159167    1.970550618
    8.273273273    2.068681912    1.972754360    1.950962689
    8.288288288    2.052395948    1.959284594    1.937987427
    8.303303303    2.047971316    1.952078412    1.930117032
    8.318318318    2.051718220    1.947612426    1.923820960
    8.333333333    2.054209232    1.941710383    1.916010135
    8.348348348    2.046096038    1.929099350    1.902342585
    8.363363363    2.024203941    1.906584540    1.879720840
    8.378378378    1.992861098    1.876917221    1.850552838
    8.393393393    1.959079048    1.845667790    1.820041508
    8.408408408    1.926983784    1.816062524    1.791133752
    8.423423423    1.897219266    1.788605903    1.764250813
    8.438438438    1.870058936    1.764689526    1.741050720
    8.453453453    1.845975943    1.746980540    1.724679732
    8.468468468    1.826810694    1.738008380    1.717845292
    8.483483483    1.817336025    1.739625996    1.721834155
    8.498498498    1.821020724    1.750166918    1.733869917
    8.513513514    1.835104645    1.764215759    1.747889529
    8.528528529    1.850164486    1.773613578    1.755981622
    8.543543544    1.855594845    1.770815706    1.751306420
    8.558558559    1.850525530    1.757870489    1.736560279
    8.573573574    1.843289356    1.744488507    1.721793607
    8.588588589    1.838800757    1.735625360    1.712003333
    8.603603604    1.832760440    1.726283205    1.702035660
    8.618618619    1.819096537    1.709662039    1.684902777
    8.633633634    1.796852517    1.684971536    1.659762745
    8.648648649    1.768818956    1.656493298    1.631199216
    8.663663664    1.739773034    1.630035593    1.605316322
    8.678678679    1.715677356    1.610460198    1.586745600
    8.693693694    1.699691230    1.599212719    1.576563486
    8.708708709    1.689934307    1.593053789    1.571243597
    8.723723724    1.683078699    1.588016988    1.566599725
    8.738738739    1.677379295    1.583238118    1.561897580
    8.753753754    1.671482118    1.578380942    1.557087274
    8.768768769    1.660860913    1.569738333    1.548814022
    8.783783784    1.641906092    1.555649848    1.535883093
    8.798798799    1.620685563    1.543003395    1.525207244
    8.813813814    1.606954012    1.539291782    1.523708960
    8.828828829    1.601298179    1.541346742    1.527451628
    8.843843844    1.596820387    1.539740838    1.526490381
    8.858858859    1.590884965    1.532316220    1.518792106
    8.873873874    1.587147638    1.524358429    1.509994306
    8.888888889    1.586710033    1.517161711    1.501380807
    8.903903904    1.587227795    1.508754007    1.490993013
    8.918918919    1.587609822    1.499962825    1.480060494
    8.933933934    1.586633583    1.491752691    1.470110957
    8.948948949    1.582253463    1.483549942    1.461001713
    8.963963964    1.574729977    1.476864505    1.454508438
    8.978978979    1.566500251    1.474491178    1.453459386
    8.993993994    1.556613541    1.473329003    1.454330569
    9.009009009    1.542271534    1.467330111    1.450383508
    9.024024024    1.525892615    1.456895515    1.441486579
    9.039039039    1.511242676    1.445879293    1.431379557
    9.054054054    1.500903225    1.438088744    1.424109692
    9.069069069    1.497098034    1.436946669    1.423438989
    9.084084084    1.498217995    1.441304030    1.428391303
    9.099099099    1.500755484    1.446806366    1.434451775
    9.114114114    1.504537338    1.452305510    1.440278265
    9.129129129    1.510940294    1.459723253    1.447935804
    9.144144144    1.518831631    1.468469079    1.456909063
    9.159159159    1.525549194    1.474600039    1.462980468
    9.174174174    1.528440202    1.474448187    1.462267292
    9.189189189    1.522551580    1.463786726    1.450616124
    9.204204204    1.503881890    1.439905498    1.425546471
    9.219219219    1.477452777    1.408421050    1.392840925
    9.234234234    1.452206753    1.379187839    1.362594403
    9.249249249    1.431808520    1.356841588    1.339735709
    9.264264264    1.417165327    1.341404306    1.324109947
    9.279279279    1.409207863    1.332812417    1.315363942
    9.294294294    1.407952626    1.331437662    1.313949063
    9.309309309    1.411992910    1.336391213    1.319122931
    9.324324324    1.418217245    1.344720485    1.327929123
    9.339339339    1.423280280    1.352861496    1.336722760
    9.354354354    1.425507648    1.358970761    1.343663857
    9.369369369    1.424903391    1.363171551    1.348980956
    9.384384384    1.421973167    1.366183858    1.353439407
    9.399399399    1.416850573    1.367900226    1.356828494
    9.414414414    1.408815856    1.366458008    1.356974502
    9.429429429    1.397327653    1.360785461    1.352635199
    9.444444444    1.382385676    1.351527560    1.344594672
    9.459459459    1.363723207    1.338420385    1.332612489
    9.474474474    1.343019314    1.321949946    1.316981804
    9.489489489    1.324871865    1.306330447    1.301915162
    9.504504505    1.312073934    1.295040433    1.291009526
    9.519519520    1.303147118    1.286777605    1.282925021
    9.534534535    1.296359025    1.279078320    1.275053232
    9.549549550    1.289594377    1.269538038    1.264941358
    9.564564565    1.279911733    1.255508993    1.250007572
    9.579579580    1.266845835    1.236504904    1.229741135
    9.594594595    1.252241575    1.215108757    1.206852412
    9.609609610    1.237829619    1.194928054    1.185352555
    9.624624625    1.225572989    1.178809078    1.168290914
    9.639639640    1.217836217    1.167924111    1.156607940
    9.654654655    1.213692486    1.160248768    1.148086655
    9.669669670    1.207614276    1.151142063    1.138294992
    9.684684685    1.195903912    1.138584142    1.125573006
    9.699699700    1.181383267    1.126295018    1.113785701
    9.714714715    1.168888800    1.118824887    1.107394639
    9.729729730    1.159770848    1.116373970    1.106391390
    9.744744745    1.151643362    1.115446251    1.107049919
    9.759759760    1.143386949    1.114367240    1.107578495
    9.774774775    1.136053018    1.113696819    1.108442721
    9.789789790    1.129881163    1.112789289    1.108757555
    9.804804805    1.123356842    1.109157774    1.105805139
    9.819819820    1.114431264    1.100432756    1.097159192
    9.834834835    1.103004047    1.086757005    1.082994330
    9.849849850    1.092285505    1.072107150    1.067407047
    9.864864865    1.085315355    1.060979770    1.055237997
    9.879879880    1.081718919    1.054164137    1.047610582
    9.894894895    1.079683488    1.050380433    1.043380027
    9.909909910    1.077036744    1.047427990    1.040382187
    9.924924925    1.070603644    1.040808116    1.033885075
    9.939939940    1.058164201    1.027069505    1.020079961
    9.954954955    1.040677947    1.007301446    0.999950024
    9.969969970    1.022879081    0.986525938    0.978537283
    9.984984985    1.009241834    0.969458844    0.960656755
   10.000000000    1.000001190    0.957086343    0.947522499
   10.015015015    0.993723837    0.948395838    0.938278006
   10.030030030    0.990786508    0.943577168    0.933083969
   10.045045045    0.992182138    0.943885411    0.933201243
   10.060060060    0.996371439    0.948386695    0.937780643
   10.075075075    1.001508719    0.954691351    0.944331814
   10.090090090    1.007300767    0.961132359    0.950898631
   10.105105105    1.013086877    0.966998634    0.956721834
   10.120120120    1.016845643    0.971511029    0.961306991
   10.135135135    1.016601202    0.973354132    0.963503842
   10.150150150    1.012582663    0.972310209    0.962994551
   10.165165165    1.006110167    0.969216542    0.960530811
   10.180180180    0.998897528    0.965390308    0.957404207
   10.195195195    0.992164412    0.961397691    0.954050624
   10.210210210    0.985714691    0.956782862    0.949913722
   10.225225225    0.978851832    0.951347927    0.944874445
   10.240240240    0.971080650    0.944909103    0.938807981
   10.255255255    0.962271781    0.937081828    0.931266944
   10.270270270    0.952508094    0.927891669    0.922257805
   10.285285285    0.942093091    0.918270007    0.912853170
   10.300300300    0.931433703    0.909056663    0.903997664
   10.315315315    0.921191900    0.900375726    0.895713295
   10.330330330    0.912565472    0.892233925    0.887747750
   10.345345345    0.907455362    0.885420597    0.880612417
   10.360360360    0.906565370    0.880576971    0.874898284
   10.375375375    0.907929406    0.876875187    0.870037165
   10.390390390    0.908468105    0.872560925    0.864590226
   10.405405405    0.906244702    0.866457540    0.857566784
   10.420420420    0.902570357    0.859935316    0.850380696
   10.435435435    0.899573874    0.854726189    0.844708456
   10.450450450    0.896404782    0.849604255    0.839229082
   10.465465465    0.891891087    0.843590098    0.832922989
   10.480480480    0.887012186    0.838581443    0.827842771
   10.495495495    0.882946607    0.836450694    0.826049678
   10.510510511    0.879715412    0.836837543    0.827169332
   10.525525526    0.877511339    0.838739340    0.829958767
   10.540540541    0.876499824    0.841330579    0.833345895
   10.555555556    0.875478621    0.843411561    0.836110704
   10.570570571    0.873233311    0.843915931    0.837235838
   10.585585586    0.869828150    0.842177937    0.835879556
   10.600600601    0.865623202    0.838075306    0.831748670
   10.615615616    0.860513373    0.832469562    0.825930711
   10.630630631    0.853657539    0.825645714    0.819059491
   10.645645646    0.844211665    0.816668136    0.810218520
   10.660660661    0.833485163    0.805641110    0.799214272
   10.675675676    0.824323355    0.794166410    0.787316266
   10.690690691    0.818446915    0.783919650    0.776144439
   10.705705706    0.814421125    0.774932587    0.766068575
   10.720720721    0.808765591    0.765808931    0.756192113
   10.735735736    0.799298521    0.755523645    0.745742062
   10.750750751    0.785493631    0.743330810    0.733901973
   10.765765766    0.769736137    0.730378027    0.721556302
   10.780780781    0.757743051    0.720742396    0.712445117
   10.795795796    0.752373012    0.716708000    0.708726150
   10.810810811    0.750816270    0.716032081    0.708254961
   10.825825826    0.748928609    0.715073267    0.707476687
   10.840840841    0.745937607    0.713512747    0.706194625
   10.855855856    0.743708467    0.713669377    0.706863973
   10.870870871    0.743072378    0.716072614    0.709956439
   10.885885886    0.742599231    0.718243615    0.712744217
   10.900900901    0.740429211    0.717328823    0.712111298
   10.915915916    0.736476754    0.712902126    0.707528166
   10.930930931    0.732715461    0.707263599    0.701379695
   10.945945946    0.730589642    0.702287745    0.695684417
   10.960960961    0.728488420    0.696743142    0.689353375
   10.975975976    0.723870717    0.688775035    0.680679633
   10.990990991    0.716440277    0.679075588    0.670525700
   11.006006006    0.707780005    0.669565845    0.660864372
   11.021021021    0.699393249    0.661211445    0.652541148
   11.036036036    0.691687274    0.653925414    0.645349042
   11.051051051    0.684455460    0.647275489    0.638799865
   11.066066066    0.677765545    0.641106394    0.632718886
   11.081081081    0.672133172    0.635774366    0.627451910
   11.096096096    0.667286043    0.630946171    0.622642816
   11.111111111    0.662136393    0.625380271    0.616999007
   11.126126126    0.655542594    0.617861852    0.609293480
   11.141141141    0.646972577    0.608338388    0.599577305
   11.156156156    0.637895021    0.598781301    0.589917619
   11.171171171    0.631371134    0.592035514    0.583112098
   11.186186186    0.629067480    0.589613385    0.580646540
   11.201201201    0.630489413    0.591084772    0.582129317
   11.216216216    0.634209396    0.594828103    0.585926995
   11.231231231    0.639104944    0.599530386    0.590658378
   11.246246246    0.644824895    0.604991517    0.596092133
   11.261261261    0.650348512    0.610583512    0.601653249
   11.276276276    0.653436378    0.614350123    0.605473014
   11.291291291    0.653167950    0.615329492    0.606643619
   11.306306306    0.650913434    0.614578699    0.606187776
   11.321321321    0.647558058    0.612856072    0.604825746
   11.336336336    0.643002848    0.610205640    0.602618676
   11.351351351    0.637618642    0.606956726    0.599881626
   11.366366366    0.631341127    0.602596670    0.595993130
   11.381381381    0.623973416    0.596401596    0.590091026
   11.396396396    0.616652624    0.589085033    0.582774586
   11.411411411    0.610913460    0.582315990    0.575748589
   11.426426426    0.607691758    0.577551851    0.570624276
   11.441441441    0.606729348    0.574993827    0.567713794
   11.456456456    0.606056016    0.573294390    0.565799490
   11.471471471    0.604019954    0.571135949    0.563632529
   11.486486486    0.601061506    0.568349860    0.560916656
   11.501501502    0.598143559    0.564992284    0.557524387
   11.516516517    0.594438060    0.560522076    0.552947366
   11.531531532    0.588758460    0.554797358    0.547239240
   11.546546547    0.582292842    0.549286269    0.541931933
   11.561561562    0.576868630    0.545461454    0.538434904
   11.576576577    0.572887265    0.543625614    0.537046545
   11.591591592    0.571054133    0.544322172    0.538293916
   11.606606607    0.572391486    0.547906390    0.542389585
   11.621621622    0.575888908    0.553050766    0.547909035
   11.636636637    0.579371409    0.558129075    0.553297756
   11.651651652    0.582135449    0.562888124    0.558414444
   11.666666667    0.584678310    0.567305747    0.563189233
   11.681681682    0.586581694    0.570017594    0.566090185
   11.696696697    0.586829205    0.569738780    0.565750878
   11.711711712    0.585656531    0.567259212    0.563024518
   11.726726727    0.583926347    0.564015326    0.559447470
   11.741741742    0.582401162    0.560837973    0.555866819
   11.756756757    0.581468004    0.557928354    0.552472507
   11.771771772    0.579928853    0.554105608    0.548140949
   11.786786787    0.575645824    0.547723214    0.541331870
   11.801801802    0.568505795    0.539380189    0.532742596
   11.816816817    0.561229436    0.532099128    0.525446836
   11.831831832    0.556325384    0.528026502    0.521556146
   11.846846847    0.553692404    0.526426156    0.520222781
   11.861861862    0.551665432    0.525334169    0.519392862
   11.876876877    0.548527614    0.522941181    0.517200011
   11.891891892    0.542934708    0.517899615    0.512280563
   11.906906907    0.534670619    0.510158936    0.504635409
   11.921921922    0.525541768    0.501457948    0.496019532
   11.936936937    0.518235065    0.494334735    0.488951870
   11.951951952    0.513738633    0.489944189    0.484606401
   11.966966967    0.511601131    0.488266050    0.483039759
   11.981981982    0.511693898    0.489461817    0.484482654
   11.996996997    0.513935116    0.493452911    0.488869350
   12.012012012    0.517999875    0.499609877    0.495498481
   12.027027027    0.523867547    0.507391094    0.503693653
   12.042042042    0.530777392    0.515687070    0.512257879
   12.057057057    0.536610082    0.522531871    0.519272173
   12.072072072    0.539920694    0.526817552    0.523745101
   12.087087087    0.541018482    0.528717658    0.525829869
   12.102102102    0.540988893    0.528787521    0.525936093
   12.117117117    0.541200746    0.528122826    0.525082281
   12.132132132    0.542222580    0.527571131    0.524179461
   12.147147147    0.542480280    0.526221894    0.522467774
   12.162162162    0.539875987    0.522744434    0.518782110
   12.177177177    0.534105674    0.517320250    0.513419171
   12.192192192    0.526924156    0.511275378    0.507631531
   12.207207207    0.520586579    0.505759376    0.502320206
   12.222222222    0.516121823    0.501187480    0.497730553
   12.237237237    0.513163722    0.497567948    0.493947736
   12.252252252    0.510125853    0.493905283    0.490144841
   12.267267267    0.505896292    0.489016678    0.485147488
   12.282282282    0.501491217    0.483642085    0.479610224
   12.297297297    0.498138215    0.479225976    0.474989542
   12.312312312    0.495761847    0.475933623    0.471487797
   12.327327327    0.494073068    0.473366499    0.468690298
   12.342342342    0.493032241    0.471681394    0.466816056
   12.357357357    0.492816562    0.471596093    0.466720778
   12.372372372    0.493302604    0.473139620    0.468481344
   12.387387387    0.493660554    0.475180729    0.470903063
   12.402402402    0.493791975    0.477046727    0.473188234
   12.417417417    0.494942577    0.479495215    0.475973700
   12.432432432    0.497915294    0.483334478    0.480044744
   12.447447447    0.501993021    0.488063279    0.484932404
   12.462462462    0.505538484    0.492200711    0.489190290
   12.477477477    0.507691025    0.494841709    0.491913356
   12.492492492    0.509127606    0.496496748    0.493575770
   12.507507508    0.510371707    0.497894666    0.494956712
   12.522522523    0.511130947    0.499164925    0.496297344
   12.537537538    0.511247535    0.500241362    0.497568890
   12.552552553    0.510801944    0.500911974    0.498493712
   12.567567568    0.509449289    0.500392930    0.498170299
   12.582582583    0.506722173    0.498047039    0.495925616
   12.597597598    0.501919652    0.493577292    0.491564400
   12.612612613    0.494993793    0.487499934    0.485714738
   12.627627628    0.487081412    0.480971285    0.479527256
   12.642642643    0.478881947    0.474332362    0.473261982
   12.657657658    0.470584648    0.467408097    0.466676840
   12.672672673    0.462725549    0.460307705    0.459782017
   12.687687688    0.455725093    0.453401773    0.452904638
   12.702702703    0.449705150    0.447082236    0.446509786
   12.717717718    0.445027839    0.441694504    0.440977467
   12.732732733    0.441969838    0.437392284    0.436421245
   12.747747748    0.440561929    0.434303385    0.432954328
   12.762762763    0.440931288    0.432799641    0.430990709
   12.777777778    0.443156437    0.433406359    0.431174499
   12.792792793    0.446962204    0.436341170    0.433879559
   12.807807808    0.451956390    0.441421371    0.438985507
   12.822822823    0.457747423    0.448035576    0.445813077
   12.837837838    0.463733605    0.455025697    0.453062325
   12.852852853    0.468674112    0.460693215    0.458927058
   12.867867868    0.471066438    0.463490563    0.461839065
   12.882882883    0.470514333    0.463009789    0.461372039
   12.897897898    0.468241533    0.460379665    0.458629638
   12.912912913    0.465562984    0.457101789    0.455168908
   12.927927928    0.462680099    0.453838037    0.451782336
   12.942942943    0.459608295    0.450838501    0.448780187
   12.957957958    0.456388111    0.447940375    0.445937524
   12.972972973    0.452472468    0.444282772    0.442321543
   12.987987988    0.447135107    0.439043350    0.437107020
   13.003003003    0.440395986    0.432301118    0.430381661
   13.018018018    0.433241287    0.425075783    0.423153384
   13.033033033    0.426657904    0.418435495    0.416501981
   13.048048048    0.421004784    0.412792364    0.410856237
   13.063063063    0.416760131    0.408500260    0.406541098
   13.078078078    0.415012738    0.406468503    0.404435775
   13.093093093    0.415808942    0.406779601    0.404644596
   13.108108108    0.417957585    0.408538497    0.406329523
   13.123123123    0.420684098    0.411170670    0.408947122
   13.138138138    0.423729815    0.414268644    0.412066764
   13.153153153    0.426609068    0.417133631    0.414955236
   13.168168168    0.429095659    0.419590052    0.417433944
   13.183183183    0.431348682    0.422105649    0.420018618
   13.198198198    0.433390096    0.424866240    0.422941710
   13.213213213    0.435120385    0.427390258    0.425663566
   13.228228228    0.436344332    0.429050117    0.427446453
   13.243243243    0.436425597    0.429336848    0.427784581
   13.258258258    0.434785787    0.427836018    0.426318718
   13.273273273    0.432037921    0.424908549    0.423372944
   13.288288288    0.429220210    0.421366715    0.419684290
   13.303303303    0.426631913    0.417734417    0.415798924
   13.318318318    0.423934361    0.414189388    0.412024641
   13.333333333    0.420950608    0.410827170    0.408544993
   13.348348348    0.417625976    0.407508018    0.405203644
   13.363363363    0.413425421    0.403550469    0.401289378
   13.378378378    0.407706725    0.398189663    0.396021195
   13.393393393    0.400562442    0.391430807    0.389376939
   13.408408408    0.392913819    0.383984678    0.381992427
   13.423423423    0.386025277    0.376766656    0.374693706
   13.438438438    0.381060844    0.370912947    0.368624672
   13.453453453    0.378668560    0.367406906    0.364859367
   13.468468468    0.378198674    0.365961329    0.363208379
   13.483483483    0.378209508    0.365313000    0.362441177
   13.498498498    0.377829234    0.364536305    0.361588866
   13.513513514    0.376669534    0.363257525    0.360268653
   13.528528529    0.374948177    0.361758475    0.358792949
   13.543543544    0.373796416    0.361011992    0.358122483
   13.558558559    0.374181796    0.361760733    0.358955156
   13.573573574    0.375939936    0.363809829    0.361078023
   13.588588589    0.378405720    0.366607722    0.363954033
   13.603603604    0.381406897    0.370080541    0.367539011
   13.618618619    0.384788181    0.374057950    0.371670224
   13.633633634    0.388069555    0.377894040    0.375658605
   13.648648649    0.391080159    0.381159584    0.378989413
   13.663663664    0.393710335    0.383561817    0.381303824
   13.678678679    0.395105071    0.384291698    0.381820503
   13.693693694    0.394411942    0.382700389    0.379971661
   13.708708709    0.392404564    0.379552812    0.376549807
   13.723723724    0.390670480    0.376313346    0.372998209
   13.738738739    0.389653571    0.373617347    0.369962410
   13.753753754    0.388784782    0.371241971    0.367272496
   13.768768769    0.387441899    0.368786175    0.364580470
   13.783783784    0.385204860    0.365890841    0.361552121
   13.798798799    0.381939026    0.362164392    0.357745319
   13.813813814    0.377955654    0.357581574    0.353043694
   13.828828829    0.374148376    0.353073372    0.348367169
   13.843843844    0.371534287    0.349818698    0.344941262
   13.858858859    0.370600287    0.348280213    0.343244189
   13.873873874    0.370795924    0.347753221    0.342544507
   13.888888889    0.371135897    0.347114139    0.341685329
   13.903903904    0.371116161    0.345991440    0.340326725
   13.918918919    0.370919046    0.344922629    0.339079830
   13.933933934    0.370786669    0.344400337    0.338486782
   13.948948949    0.370562503    0.344317897    0.338451896
   13.963963964    0.369709188    0.344079638    0.338361667
   13.978978979    0.367631257    0.342944378    0.337444761
   13.993993994    0.364352121    0.340725737    0.335478763
   14.009009009    0.360943900    0.338292056    0.333276241
   14.024024024    0.358684502    0.336879968    0.332038056
   14.039039039    0.357799381    0.336859823    0.332171370
   14.054054054    0.357341778    0.337429115    0.332935234
   14.069069069    0.356206598    0.337464328    0.333223371
   14.084084084    0.353942457    0.336321149    0.332340319
   14.099099099    0.350904831    0.334211221    0.330436517
   14.114114114    0.348440533    0.332379704    0.328723330
   14.129129129    0.347613173    0.331746256    0.328104185
   14.144144144    0.347686205    0.331685745    0.328000409
   14.159159159    0.346877320    0.330704290    0.326988590
   14.174174174    0.344155876    0.327955135    0.324251372
   14.189189189    0.339685314    0.323732611    0.320101194
   14.204204204    0.334351564    0.318911339    0.315407010
   14.219219219    0.329311543    0.314318464    0.310922734
   14.234234234    0.325393558    0.310346879    0.306938079
   14.249249249    0.322596341    0.306974676    0.303422361
   14.264264264    0.320424001    0.304125041    0.300405634
   14.279279279    0.318593858    0.301894830    0.298082642
   14.294294294    0.316970590    0.300233272    0.296421558
   14.309309309    0.315000770    0.298591641    0.294871901
   14.324324324    0.312127423    0.296549615    0.293041629
   14.339339339    0.308710505    0.294528637    0.291353933
   14.354354354    0.305683279    0.293212298    0.290419572
   14.369369369    0.303623804    0.292733164    0.290282650
   14.384384384    0.302612450    0.292751751    0.290535674
   14.399399399    0.302416644    0.292879193    0.290750110
   14.414414414    0.302454906    0.292811115    0.290664755
   14.429429429    0.302061959    0.292348617    0.290190224
   14.444444444    0.301163722    0.291653361    0.289551478
   14.459459459    0.300001881    0.290867654    0.288857340
   14.474474474    0.298473591    0.289761003    0.287840806
   14.489489489    0.296200778    0.287953800    0.286130339
   14.504504505    0.292873555    0.285101588    0.283367446
   14.519519520    0.288745413    0.281395466    0.279713672
   14.534534535    0.284649058    0.277734441    0.276101631
   14.549549550    0.281147738    0.274730802    0.273195305
   14.564564565    0.277954549    0.271961250    0.270537871
   14.579579580    0.274642905    0.268812967    0.267442971
   14.594594595    0.271402547    0.265457173    0.264076670
   14.609609610    0.268502771    0.262294470    0.260876760
   14.624624625    0.265900636    0.259438078    0.257985113
   14.639639640    0.263730105    0.257095402    0.255610962
   14.654654655    0.262373546    0.255637598    0.254120911
   14.669669670    0.262306408    0.255484320    0.253936512
   14.684684685    0.263752595    0.256838140    0.255269439
   14.699699700    0.266038293    0.259087709    0.257531928
   14.714714715    0.267957525    0.261156837    0.259668201
   14.729729730    0.269024972    0.262739986    0.261393042
   14.744744745    0.269745104    0.264409181    0.263281507
   14.759759760    0.270726666    0.266574801    0.265701174
   14.774774775    0.271877494    0.268987393    0.268369549
   14.789789790    0.272221422    0.270704664    0.270354229
   14.804804805    0.270544773    0.270461180    0.270398000
   14.819819820    0.266799952    0.267988311    0.268199394
   14.834834835    0.262309305    0.264520796    0.264978192
   14.849849850    0.258261814    0.261316381    0.261995823
   14.864864865    0.254961584    0.258727125    0.259601678
   14.879879880    0.251983385    0.256428776    0.257479407
   14.894894895    0.249127307    0.254299902    0.255512438
   14.909909910    0.246937636    0.252739528    0.254069831
   14.924924925    0.246080972    0.252184422    0.253553364
   14.939939940    0.246799355    0.252843683    0.254176033
   14.954954955    0.248627187    0.254454071    0.255720466
   14.969969970    0.250773649    0.256547581    0.257796271
   14.984984985    0.252940205    0.258890264    0.260188882
   15.000000000    0.255301205    0.261259768    0.262581782
