# energy grid [eV]     epsr_x  epsr_y  epsr_z
#
    0.000000000   32.515422194   35.224270678   35.856077212
    0.015015015   32.518321179   35.227477956   35.859357636
    0.030030030   32.527023046   35.237104833   35.869203988
    0.045045045   32.541542562   35.253166466   35.885631537
    0.060060060   32.561904427   35.275688200   35.908665807
    0.075075075   32.588143420   35.304705689   35.938342703
    0.090090090   32.620304592   35.340265075   35.974708682
    0.105105105   32.658443526   35.382423219   36.017820973
    0.120120120   32.702626662   35.431247980   36.067747857
    0.135135135   32.752931686   35.486818567   36.124569004
    0.150150150   32.809447997   35.549225944   36.188375861
    0.165165165   32.872277250   35.618573305   36.259272123
    0.180180180   32.941533992   35.694976624   36.337374256
    0.195195195   33.017346390   35.778565283   36.422812108
    0.210210210   33.099857071   35.869482791   36.515729598
    0.225225225   33.189224079   35.967887597   36.616285502
    0.240240240   33.285621969   36.073954013   36.724654335
    0.255255255   33.389243059   36.187873253   36.841027348
    0.270270270   33.500298854   36.309854615   36.965613653
    0.285285285   33.619021674   36.440126808   37.098641488
    0.300300300   33.745666512   36.578939457   37.240359641
    0.315315315   33.880513165   36.726564802   37.391039058
    0.330330330   34.023868676   36.883299625   37.550974653
    0.345345345   34.176070145   37.049467432   37.720487358
    0.360360360   34.337487971   37.225420945   37.899926443
    0.375375375   34.508529607   37.411544930   38.089672144
    0.390390390   34.689643918   37.608259442   38.290138658
    0.405405405   34.881326274   37.816023541   38.501777558
    0.420420420   35.084124503   38.035339572   38.725081704
    0.435435435   35.298645910   38.266758108   38.960589722
    0.450450450   35.525565564   38.510883697   39.208891185
    0.465465465   35.765636146   38.768381540   39.470632594
    0.480480480   36.019699704   39.039985325   39.746524335
    0.495495495   36.288701737   39.326506422   40.037348787
    0.510510511   36.573708142   39.628844756   40.343969838
    0.525525526   36.875925659   39.948001674   40.667344071
    0.540540541   37.196726531   40.285095245   41.008533969
    0.555555556   37.537678142   40.641378448   41.368723548
    0.570570571   37.900578224   41.018260703   41.749236843
    0.585585586   38.287495576   41.417333096   42.151559668
    0.600600601   38.700814392   41.840397100   42.577364863
    0.615615616   39.143275614   42.289495244   43.028540592
    0.630630631   39.617997265   42.766938644   43.507219548
    0.645645646   40.128427979   43.275317680   44.015802513
    0.660660661   40.678121293   43.817461079   44.556959056
    0.675675676   41.270060637   44.396258892   45.133562530
    0.690690691   41.904917974   45.014154765   45.748459784
    0.705705706   42.577044461   45.671925990   46.403878589
    0.720720721   43.267092417   46.366389787   47.100278309
    0.735735736   43.936516899   47.088628194   47.835417447
    0.750750751   44.549566383   47.830627914   48.607551819
    0.765765766   45.127598539   48.601663058   49.423269623
    0.780780781   45.711794340   49.415235728   50.289832595
    0.795795796   46.256960136   50.252815124   51.194681032
    0.810810811   46.687431932   51.077509205   52.109651197
    0.825825826   46.999570366   51.870432814   53.012453419
    0.840840841   47.292378912   52.664513261   53.921142892
    0.855855856   47.644141732   53.507865675   54.876920823
    0.870870871   47.949963611   54.356812149   55.849830341
    0.885885886   48.090090149   55.148888205   56.790731373
    0.900900901   48.225282588   55.992959157   57.797191931
    0.915915916   48.597873370   57.050226705   59.011562558
    0.930930931   49.073026603   58.239652895   60.364221342
    0.945945946   49.360072671   59.345645541   61.656757858
    0.960960961   49.471230811   60.287789193   62.788300220
    0.975975976   49.609056670   61.090278320   63.742112413
    0.990990991   49.823067536   61.732782108   64.481115234
    1.006006006   49.918839190   62.062893885   64.861309215
    1.021021021   49.672500086   61.876210196   64.682862209
    1.036036036   49.128434996   61.227929456   64.005521832
    1.051051051   48.426438475   60.287420547   63.006236126
    1.066066066   47.589354721   59.091858081   61.725203917
    1.081081081   46.605844849   57.690680511   60.224824610
    1.096096096   45.537810848   56.226180095   58.664440632
    1.111111111   44.660196084   54.962934195   57.306304270
    1.126126126   44.171901960   54.051371977   56.291247686
    1.141141141   43.989901974   53.404738445   55.534435704
    1.156156156   43.977159795   52.910614959   54.930118567
    1.171171171   44.079178954   52.509346626   54.417665593
    1.186186186   44.348815993   52.306785538   54.115243331
    1.201201201   44.821924389   52.459787825   54.203598080
    1.216216216   45.359892514   52.889285818   54.613052282
    1.231231231   45.699631946   53.259852558   54.989342145
    1.246246246   45.668431840   53.201169425   54.917893363
    1.261261261   45.425381831   52.663260324   54.306322456
    1.276276276   45.302531619   51.913245892   53.411625488
    1.291291291   45.423637136   51.169095643   52.473690988
    1.306306306   45.641605964   50.435108988   51.527390145
    1.321321321   45.625810518   49.538243756   50.430406768
    1.336336336   45.107448436   48.262721852   48.976090973
    1.351351351   43.967884264   46.294110724   46.804231975
    1.366366366   42.165126351   43.353983987   43.591098806
    1.381381381   39.941265632   39.761470203   39.684432378
    1.396396396   37.820252213   36.306827081   35.933688746
    1.411411411   36.159703363   33.472627484   32.842642742
    1.426426426   35.005794767   31.291606436   30.439131880
    1.441441441   34.439282111   29.902026020   28.875963479
    1.456456456   34.532953972   29.494235973   28.365650251
    1.471471471   34.947233384   29.740710505   28.576092594
    1.486486486   35.078937985   29.917694509   28.753337624
    1.501501502   34.536723932   29.477132534   28.318410245
    1.516516517   33.369230583   28.307432148   27.130216739
    1.531531532   31.810945683   26.502787254   25.255340639
    1.546546547   29.975275387   24.165689972   22.796752865
    1.561561562   27.977092776   21.498480229   19.978957935
    1.576576577   26.077777605   18.895799612   17.224473892
    1.591591592   24.580066926   16.787127139   14.986559248
    1.606606607   23.703319183   15.407999865   13.500561017
    1.621621622   23.382631269   14.581937363   12.560344573
    1.636636637   23.224077507   13.789866585   11.616906542
    1.651651652   22.816570888   12.607177174   10.249109404
    1.666666667   22.078207289   11.106707854    8.576035385
    1.681681682   21.249616023    9.728392676    7.083786874
    1.696696697   20.491899454    8.711587247    6.018553086
    1.711711712   19.707728273    7.930314369    5.241857559
    1.726726727   18.797726680    7.190947885    4.541554102
    1.741741742   17.802434665    6.386862991    3.777200874
    1.756756757   16.750026307    5.387811067    2.778833208
    1.771771772   15.519773333    4.031728103    1.379546118
    1.786786787   14.035023884    2.346661054   -0.357853542
    1.801801802   12.440231195    0.612856609   -2.121963956
    1.816816817   10.788251689   -1.040104239   -3.774943981
    1.831831832    8.999520270   -2.702005546   -5.409579452
    1.846846847    7.095429104   -4.391872322   -7.049304260
    1.861861862    5.165393887   -6.018597252   -8.603067517
    1.876876877    3.358037780   -7.446756266   -9.938697771
    1.891891892    1.919938542   -8.476168660  -10.865027690
    1.906906907    1.016436310   -8.981664420  -11.269903037
    1.921921922    0.448826652   -9.175342255  -11.377997652
    1.936936937   -0.194717981   -9.475952993  -11.609380079
    1.951951952   -1.033623579  -10.006058669  -12.075524453
    1.966966967   -1.963397947  -10.609980212  -12.605856042
    1.981981982   -3.062148223  -11.266862839  -13.162645618
    1.996996997   -4.466563474  -12.006551287  -13.751623637
    2.012012012   -6.042444123  -12.688666958  -14.228471317
    2.027027027   -7.530133065  -13.199104921  -14.514347942
    2.042042042   -8.967966732  -13.659459956  -14.755133715
    2.057057057  -10.534093791  -14.252862153  -15.133146928
    2.072072072  -12.070604879  -14.929241573  -15.615523347
    2.087087087  -13.212541575  -15.481065466  -16.028788388
    2.102102102  -13.863104661  -15.817398653  -16.286848720
    2.117117117  -14.202409879  -15.983499701  -16.407547765
    2.132132132  -14.417948972  -16.073159038  -16.466316396
    2.147147147  -14.623883686  -16.190339241  -16.563805321
    2.162162162  -14.828668975  -16.336554523  -16.695602530
    2.177177177  -14.924392184  -16.375259677  -16.716727277
    2.192192192  -14.817666614  -16.217290751  -16.542674047
    2.207207207  -14.597185934  -15.953010348  -16.267725315
    2.222222222  -14.367593561  -15.657981637  -15.957909748
    2.237237237  -14.062628232  -15.283536565  -15.566266771
    2.252252252  -13.584465375  -14.814489336  -15.097088334
    2.267267267  -12.883263339  -14.282647699  -14.599913709
    2.282282282  -11.978327424  -13.692069411  -14.076115853
    2.297297297  -11.058536613  -13.131235026  -13.595496186
    2.312312312  -10.431783777  -12.803889828  -13.339984448
    2.327327327  -10.246424250  -12.798276801  -13.380744915
    2.342342342  -10.370162907  -12.994560771  -13.597106943
    2.357357357  -10.594239115  -13.251884033  -13.863947106
    2.372372372  -10.820996292  -13.544106048  -14.172288990
    2.387387387  -11.019215943  -13.902825288  -14.568062889
    2.402402402  -11.204809248  -14.321731982  -15.040714919
    2.417417417  -11.430715316  -14.737813174  -15.500841994
    2.432432432  -11.636073365  -15.041507581  -15.825612637
    2.447447447  -11.661025775  -15.116591276  -15.909033982
    2.462462462  -11.484622232  -14.965685039  -15.761928237
    2.477477477  -11.237803202  -14.706193397  -15.499655082
    2.492492492  -11.057957165  -14.468532232  -15.250799300
    2.507507508  -11.124734001  -14.388871405  -15.141751542
    2.522522523  -11.611492535  -14.574736557  -15.262985687
    2.537537538  -12.419104525  -14.956352685  -15.547814788
    2.552552553  -13.202400834  -15.316864061  -15.808505415
    2.567567568  -13.735615290  -15.513544886  -15.924747262
    2.582582583  -14.101718608  -15.607485942  -15.955415858
    2.597597598  -14.449483198  -15.721755002  -16.016745276
    2.612612613  -14.789232135  -15.852937467  -16.100107652
    2.627627628  -15.056477166  -15.909734954  -16.108492854
    2.642642643  -15.228971444  -15.879362835  -16.032584508
    2.657657658  -15.338218846  -15.838140577  -15.958553124
    2.672672673  -15.424936091  -15.836580061  -15.937870302
    2.687687688  -15.435419595  -15.810265866  -15.902510920
    2.702702703  -15.284160617  -15.678579213  -15.773750362
    2.717717718  -15.020008365  -15.497483022  -15.610830372
    2.732732733  -14.751127480  -15.381632630  -15.529625854
    2.747747748  -14.509379091  -15.354420693  -15.550567545
    2.762762763  -14.314619702  -15.381160815  -15.627035070
    2.777777778  -14.220971441  -15.444292561  -15.725597621
    2.792792793  -14.251288467  -15.536502665  -15.831861721
    2.807807808  -14.372711515  -15.647933773  -15.941004533
    2.822822823  -14.491718307  -15.722133434  -16.004574257
    2.837837838  -14.551551925  -15.702945893  -15.966938895
    2.852852853  -14.595790129  -15.618029943  -15.852587206
    2.867867868  -14.657001868  -15.521119833  -15.719946236
    2.882882883  -14.706113807  -15.428180615  -15.594866893
    2.897897898  -14.694974977  -15.314509910  -15.457534675
    2.912912913  -14.568923022  -15.127518736  -15.255461783
    2.927927928  -14.284511446  -14.824032588  -14.946052586
    2.942942943  -13.882681487  -14.438005547  -14.562831284
    2.957957958  -13.477159268  -14.054408685  -14.184490462
    2.972972973  -13.186163686  -13.752125546  -13.880989930
    2.987987988  -13.088920979  -13.579932749  -13.693728268
    3.003003003  -13.173121520  -13.523011883  -13.606338949
    3.018018018  -13.338366250  -13.514769456  -13.559385451
    3.033033033  -13.489582135  -13.504457338  -13.512475080
    3.048048048  -13.598095863  -13.480405201  -13.457981979
    3.063063063  -13.665681176  -13.433166320  -13.383827602
    3.078078078  -13.663468845  -13.332401958  -13.259418522
    3.093093093  -13.558225234  -13.161144132  -13.072214907
    3.108108108  -13.371147748  -12.950216912  -12.855608525
    3.123123123  -13.148502488  -12.738433332  -12.646373377
    3.138138138  -12.930900571  -12.544228127  -12.457730044
    3.153153153  -12.750263546  -12.374556754  -12.291082291
    3.168168168  -12.609627905  -12.227186003  -12.142567536
    3.183183183  -12.465516709  -12.074071535  -11.986974215
    3.198198198  -12.277552928  -11.880447769  -11.791081291
    3.213213213  -12.042637366  -11.637826020  -11.545984699
    3.228228228  -11.767760532  -11.359890955  -11.267040735
    3.243243243  -11.453739270  -11.057648052  -10.967506704
    3.258258258  -11.135955718  -10.761701455  -10.677121105
    3.273273273  -10.869075385  -10.518671709  -10.440435655
    3.288288288  -10.693340173  -10.357389928  -10.283256662
    3.303303303  -10.610251917  -10.267903030  -10.192611304
    3.318318318  -10.568920552  -10.204368897  -10.123811790
    3.333333333  -10.508346400  -10.125590563  -10.040430128
    3.348348348  -10.397489243  -10.016948872   -9.931849610
    3.363363363  -10.236527918   -9.883286483   -9.804288210
    3.378378378  -10.049141964   -9.742396872   -9.674244963
    3.393393393   -9.885126020   -9.628443006   -9.572222044
    3.408408408   -9.787604492   -9.575219911   -9.529649028
    3.423423423   -9.761230639   -9.590864029   -9.555190328
    3.438438438   -9.778038311   -9.649709247   -9.623567438
    3.453453453   -9.804122198   -9.714229303   -9.696481721
    3.468468468   -9.816073180   -9.762161513   -9.752133088
    3.483483483   -9.799549683   -9.779927433   -9.777285233
    3.498498498   -9.758151758   -9.760947875   -9.763050999
    3.513513514   -9.712865448   -9.712957767   -9.714210678
    3.528528529   -9.689372116   -9.655216699   -9.648628368
    3.543543544   -9.680296003   -9.591830756   -9.572694970
    3.558558559   -9.630062658   -9.494776442   -9.464543985
    3.573573574   -9.498346887   -9.342758980   -9.307468772
    3.588588589   -9.301140817   -9.145475693   -9.109819492
    3.603603604   -9.081076546   -8.928597990   -8.893536088
    3.618618619   -8.868894680   -8.717127672   -8.682328314
    3.633633634   -8.677889833   -8.524905844   -8.490112244
    3.648648649   -8.522359764   -8.362392397   -8.326463848
    3.663663664   -8.406910932   -8.229503584   -8.190046778
    3.678678679   -8.315709830   -8.107452195   -8.061328705
    3.693693694   -8.240434064   -7.989097532   -7.933521169
    3.708708709   -8.177656348   -7.877753384   -7.811198758
    3.723723724   -8.113554971   -7.764451884   -7.686498231
    3.738738739   -8.052038506   -7.653036688   -7.563743347
    3.753753754   -8.016520306   -7.566722370   -7.466246990
    3.768768769   -8.003150447   -7.506107103   -7.395093898
    3.783783784   -7.963649715   -7.431786857   -7.312492001
    3.798798799   -7.855207808   -7.306069646   -7.182146515
    3.813813814   -7.671543711   -7.124143949   -6.999994367
    3.828828829   -7.443855220   -6.917620854   -6.798079305
    3.843843844   -7.230249288   -6.738321677   -6.626906815
    3.858858859   -7.070562156   -6.615560362   -6.513117105
    3.873873874   -6.962191977   -6.537204635   -6.442115188
    3.888888889   -6.888903496   -6.479902666   -6.388845697
    3.903903904   -6.835088454   -6.430217191   -6.340307071
    3.918918919   -6.777864803   -6.376894393   -6.287817419
    3.933933934   -6.697851400   -6.307432841   -6.220493180
    3.948948949   -6.600289522   -6.220083244   -6.135179540
    3.963963964   -6.501358411   -6.122329096   -6.037498696
    3.978978979   -6.409823167   -6.023965552   -5.937551128
    3.993993994   -6.326778396   -5.933279592   -5.845228860
    4.009009009   -6.247920495   -5.852506239   -5.764146786
    4.024024024   -6.170701081   -5.783281669   -5.696900574
    4.039039039   -6.095818940   -5.727149621   -5.645237303
    4.054054054   -6.023522402   -5.680918502   -5.605141122
    4.069069069   -5.958762985   -5.644370685   -5.575165884
    4.084084084   -5.906953577   -5.618912754   -5.555726558
    4.099099099   -5.863676854   -5.600693407   -5.543124996
    4.114114114   -5.821769898   -5.586010305   -5.534509054
    4.129129129   -5.774109574   -5.568755742   -5.523889027
    4.144144144   -5.714265731   -5.539197137   -5.500809346
    4.159159159   -5.643855784   -5.494032820   -5.460988068
    4.174174174   -5.571077610   -5.436349232   -5.406427282
    4.189189189   -5.500845854   -5.369483194   -5.340147082
    4.204204204   -5.427478991   -5.293649941   -5.263712992
    4.219219219   -5.344239244   -5.208365012   -5.178062826
    4.234234234   -5.250768120   -5.112285097   -5.081563255
    4.249249249   -5.160722606   -5.011478634   -4.978534125
    4.264264264   -5.093840313   -4.921943047   -4.884051935
    4.279279279   -5.050694107   -4.849763489   -4.805313345
    4.294294294   -5.017319933   -4.785649434   -4.734131072
    4.309309309   -4.983970890   -4.721377189   -4.662775977
    4.324324324   -4.948645612   -4.658798112   -4.594021177
    4.339339339   -4.908830003   -4.599680270   -4.530546837
    4.354354354   -4.857872978   -4.537621922   -4.465960443
    4.369369369   -4.789919435   -4.465421010   -4.392801006
    4.384384384   -4.704962507   -4.383045510   -4.311080980
    4.399399399   -4.609723712   -4.293914765   -4.223391297
    4.414414414   -4.509538565   -4.195951801   -4.125921685
    4.429429429   -4.403746984   -4.085085812   -4.013860589
    4.444444444   -4.291318831   -3.963109027   -3.889715992
    4.459459459   -4.177607499   -3.841174809   -3.765962268
    4.474474474   -4.069840683   -3.731361716   -3.655692860
    4.489489489   -3.972435853   -3.635020890   -3.559570688
    4.504504505   -3.888970805   -3.548331136   -3.472155979
    4.519519520   -3.815607471   -3.466629221   -3.388575766
    4.534534535   -3.736900807   -3.382597480   -3.303368366
    4.549549550   -3.649189114   -3.298637180   -3.220360211
    4.564564565   -3.570967125   -3.231314277   -3.155664203
    4.579579580   -3.518299987   -3.191596948   -3.119082828
    4.594594595   -3.489599263   -3.172767012   -3.102688620
    4.609609610   -3.470062443   -3.155917326   -3.086541197
    4.624624625   -3.440371355   -3.123478443   -3.053369649
    4.639639640   -3.382275441   -3.063560485   -2.992769130
    4.654654655   -3.289293430   -2.974859113   -2.904836837
    4.669669670   -3.175417388   -2.874637629   -2.807672115
    4.684684685   -3.061527970   -2.784739308   -2.723195182
    4.699699700   -2.956179341   -2.709590989   -2.654790459
    4.714714715   -2.860755034   -2.641453099   -2.592770164
    4.729729730   -2.779871294   -2.577151114   -2.532269590
    4.744744745   -2.714876730   -2.516629450   -2.472862830
    4.759759760   -2.659989567   -2.457235394   -2.412605752
    4.774774775   -2.609397427   -2.398411334   -2.352064286
    4.789789790   -2.559704246   -2.342716113   -2.294998411
    4.804804805   -2.505425631   -2.289346276   -2.241648673
    4.819819820   -2.446096313   -2.240304106   -2.194714184
    4.834834835   -2.385898313   -2.200718009   -2.159657167
    4.849849850   -2.329928343   -2.170848188   -2.135726575
    4.864864865   -2.282787537   -2.142492168   -2.111838761
    4.879879880   -2.243013407   -2.106120547   -2.076474765
    4.894894895   -2.202224407   -2.062306317   -2.032078484
    4.909909910   -2.155996849   -2.020124504   -1.990783254
    4.924924925   -2.107965514   -1.984466022   -1.957875641
    4.939939940   -2.058381009   -1.949273462   -1.925936445
    4.954954955   -1.999835588   -1.902428472   -1.881791732
    4.969969970   -1.933745505   -1.844688499   -1.826000562
    4.984984985   -1.870448449   -1.787392122   -1.770087136
    5.000000000   -1.814262939   -1.734150414   -1.717429614
    5.015015015   -1.756798039   -1.677291619   -1.660543078
    5.030030030   -1.684771838   -1.606673039   -1.590130060
    5.045045045   -1.596569423   -1.520902085   -1.504905422
    5.060060060   -1.504616878   -1.429901212   -1.414119545
    5.075075075   -1.424603002   -1.348701112   -1.332521634
    5.090090090   -1.365746244   -1.288666576   -1.272049812
    5.105105105   -1.327296841   -1.248579365   -1.231616626
    5.120120120   -1.298772601   -1.213070547   -1.194778788
    5.135135135   -1.265543633   -1.166753107   -1.145783886
    5.150150150   -1.215168142   -1.103691976   -1.079964277
    5.165165165   -1.143517206   -1.026889036   -1.001839437
    5.180180180   -1.057343103   -0.944913213   -0.920515255
    5.195195195   -0.966256341   -0.863277017   -0.840863753
    5.210210210   -0.880048425   -0.785049055   -0.764485446
    5.225225225   -0.808795644   -0.715279383   -0.695224487
    5.240240240   -0.754457262   -0.654543300   -0.633193952
    5.255255255   -0.710170419   -0.599193828   -0.575268989
    5.270270270   -0.674944522   -0.552970912   -0.526365642
    5.285285285   -0.650314615   -0.522217407   -0.494108327
    5.300300300   -0.625189817   -0.501211331   -0.474027692
    5.315315315   -0.588640483   -0.478136499   -0.454107465
    5.330330330   -0.547954666   -0.452355224   -0.431885162
    5.345345345   -0.518896331   -0.430469580   -0.411960349
    5.360360360   -0.506251507   -0.411980387   -0.392418533
    5.375375375   -0.501086160   -0.392756727   -0.369980560
    5.390390390   -0.494550962   -0.374582228   -0.348998970
    5.405405405   -0.498591494   -0.376340987   -0.350053552
    5.420420420   -0.533293818   -0.417392452   -0.392353672
    5.435435435   -0.602781455   -0.495647461   -0.472429750
    5.450450450   -0.700884155   -0.597089060   -0.574623752
    5.465465465   -0.810945828   -0.698508119   -0.674283249
    5.480480480   -0.917204390   -0.783967426   -0.755159632
    5.495495495   -1.024230329   -0.865480168   -0.830803142
    5.510510511   -1.141569723   -0.960359985   -0.920507019
    5.525525526   -1.264011021   -1.065101250   -1.021156559
    5.540540541   -1.381826688   -1.168555661   -1.121069107
    5.555555556   -1.496798931   -1.272604187   -1.222079022
    5.570570571   -1.622604897   -1.395483737   -1.343464638
    5.585585586   -1.767764704   -1.549959932   -1.499283767
    5.600600601   -1.928091712   -1.728291679   -1.681176911
    5.615615616   -2.091712335   -1.917700252   -1.875554824
    5.630630631   -2.244906811   -2.113790047   -2.079760686
    5.645645646   -2.380583180   -2.314289770   -2.293169071
    5.660660661   -2.505474075   -2.516154049   -2.511328725
    5.675675676   -2.623780927   -2.708483304   -2.720396105
    5.690690691   -2.724857916   -2.874591746   -2.902211849
    5.705705706   -2.796809535   -3.002652924   -3.044460459
    5.720720721   -2.840010763   -3.090835761   -3.144189671
    5.735735736   -2.857979477   -3.142532451   -3.204578017
    5.750750751   -2.854227759   -3.161832447   -3.229988784
    5.765765766   -2.846288408   -3.166168242   -3.237762882
    5.780780781   -2.852072902   -3.177842267   -3.250956140
    5.795795796   -2.868474989   -3.203937466   -3.278986193
    5.810810811   -2.880737548   -3.236566913   -3.315831797
    5.825825826   -2.881397058   -3.264136402   -3.349276745
    5.840840841   -2.872855883   -3.278641546   -3.369004538
    5.855855856   -2.859045725   -3.278698532   -3.372324121
    5.870870871   -2.838612267   -3.264833461   -3.360251168
    5.885885886   -2.805451831   -3.234243068   -3.330686924
    5.900900901   -2.765094815   -3.193279464   -3.289932132
    5.915915916   -2.738075480   -3.161356666   -3.257120497
    5.930930931   -2.736267235   -3.151311276   -3.245334887
    5.945945946   -2.755534378   -3.165678936   -3.258462152
    5.960960961   -2.782807423   -3.195804570   -3.288958799
    5.975975976   -2.806462667   -3.226023315   -3.320576070
    5.990990991   -2.823550865   -3.246541583   -3.342040291
    6.006006006   -2.830039011   -3.251144637   -3.346397370
    6.021021021   -2.817913395   -3.236289508   -3.330912740
    6.036036036   -2.785977141   -3.206800505   -3.301757069
    6.051051051   -2.739249236   -3.170026161   -3.267007773
    6.066066066   -2.682568384   -3.127605145   -3.227806095
    6.081081081   -2.619682124   -3.077117782   -3.180331034
    6.096096096   -2.555401055   -3.019162478   -3.124063130
    6.111111111   -2.497386601   -2.961887865   -3.067097962
    6.126126126   -2.452367497   -2.916095435   -3.021128878
    6.141141141   -2.415437968   -2.878229649   -2.983070660
    6.156156156   -2.373186497   -2.832519451   -2.936719066
    6.171171171   -2.322322998   -2.775740617   -2.878804669
    6.186186186   -2.274059449   -2.721088030   -2.822858224
    6.201201201   -2.236660486   -2.676718852   -2.776957825
    6.216216216   -2.203079966   -2.635639846   -2.734180433
    6.231231231   -2.159703436   -2.585820991   -2.682893452
    6.246246246   -2.102468498   -2.523824347   -2.619737238
    6.261261261   -2.039456111   -2.456982500   -2.551859461
    6.276276276   -1.981442095   -2.395509074   -2.489437111
    6.291291291   -1.937421878   -2.347664430   -2.440648835
    6.306306306   -1.911433556   -2.317090859   -2.409022869
    6.321321321   -1.899477534   -2.300229203   -2.391013703
    6.336336336   -1.887626794   -2.283462065   -2.373127074
    6.351351351   -1.858860277   -2.250299209   -2.339103604
    6.366366366   -1.808386641   -2.197184339   -2.285645071
    6.381381381   -1.744696493   -2.133412527   -2.222094731
    6.396396396   -1.678346247   -2.068916999   -2.158067963
    6.411411411   -1.619243159   -2.012707634   -2.102352877
    6.426426426   -1.574309047   -1.971035911   -2.061236924
    6.441441441   -1.539982488   -1.939534205   -2.030303057
    6.456456456   -1.506922062   -1.908341508   -1.999542036
    6.471471471   -1.468557776   -1.871310889   -1.962875704
    6.486486486   -1.418896369   -1.824364715   -1.916661564
    6.501501502   -1.352038242   -1.763472086   -1.857215047
    6.516516517   -1.269972546   -1.689876440   -1.785543196
    6.531531532   -1.182685467   -1.611490526   -1.709108232
    6.546546547   -1.101197387   -1.538262914   -1.637656594
    6.561561562   -1.034255096   -1.478126016   -1.578948098
    6.576576577   -0.980342790   -1.428862589   -1.530646302
    6.591591592   -0.930497612   -1.380350396   -1.482368091
    6.606606607   -0.883359711   -1.329718817   -1.430862041
    6.621621622   -0.844224382   -1.283987058   -1.383555685
    6.636636637   -0.812788832   -1.246688652   -1.344934087
    6.651651652   -0.780029418   -1.211164920   -1.308876350
    6.666666667   -0.736740975   -1.167567096   -1.265294062
    6.681681682   -0.682462390   -1.113186931   -1.210880876
    6.696696697   -0.625008597   -1.054343617   -1.151581321
    6.711711712   -0.574489902   -0.999393656   -1.095452040
    6.726726727   -0.536496618   -0.952323117   -1.046257987
    6.741741742   -0.503546190   -0.906825515   -0.998020753
    6.756756757   -0.459820672   -0.850873210   -0.939470451
    6.771771772   -0.400877407   -0.783658465   -0.870402451
    6.786786787   -0.335714503   -0.714934523   -0.800708100
    6.801801802   -0.269729858   -0.648027585   -0.733459808
    6.816816817   -0.198465754   -0.576750947   -0.662181045
    6.831831832   -0.117358860   -0.497237301   -0.583051205
    6.846846847   -0.028241925   -0.413241685   -0.500137566
    6.861861862    0.062129411   -0.332444791   -0.421306575
    6.876876877    0.142193778   -0.264942626   -0.356403565
    6.891891892    0.198992260   -0.220863873   -0.315005944
    6.906906907    0.225164156   -0.204866514   -0.301173711
    6.921921922    0.219750219   -0.216425664   -0.314015159
    6.936936937    0.179522904   -0.257122518   -0.354757803
    6.951951952    0.094958504   -0.331870851   -0.427278022
    6.966966967   -0.038206067   -0.439488050   -0.529153074
    6.981981982   -0.204434980   -0.564939489   -0.645453253
    6.996996997   -0.377820518   -0.689126944   -0.758564184
    7.012012012   -0.540179121   -0.799350515   -0.857002394
    7.027027027   -0.688169089   -0.892094536   -0.937241848
    7.042042042   -0.835464760   -0.977322995   -1.008418161
    7.057057057   -0.990146786   -1.065804255   -1.081957827
    7.072072072   -1.126744380   -1.144487755   -1.147700021
    7.087087087   -1.213934375   -1.190436139   -1.184448505
    7.102102102   -1.250084275   -1.199899882   -1.187754783
    7.117117117   -1.254502618   -1.188865461   -1.172994814
    7.132132132   -1.243705632   -1.174228395   -1.157387532
    7.147147147   -1.227634240   -1.165421086   -1.150212712
    7.162162162   -1.218225602   -1.169318333   -1.157046636
    7.177177177   -1.229878426   -1.191170126   -1.181071387
    7.192192192   -1.267514539   -1.227128928   -1.216579554
    7.207207207   -1.317132656   -1.262609594   -1.248892407
    7.222222222   -1.359617877   -1.289518128   -1.272282434
    7.237237237   -1.397910121   -1.322721785   -1.304138758
    7.252252252   -1.451911940   -1.385401408   -1.368477506
    7.267267267   -1.523811765   -1.478322151   -1.466063759
    7.282282282   -1.591637450   -1.575906835   -1.570577217
    7.297297297   -1.637834856   -1.652887418   -1.654882796
    7.312312312   -1.661730616   -1.702695338   -1.710888947
    7.327327327   -1.669154781   -1.731850982   -1.745142321
    7.342342342   -1.676262093   -1.758462805   -1.776214572
    7.357357357   -1.704401365   -1.805577087   -1.827562528
    7.372372372   -1.758744451   -1.879759649   -1.906094470
    7.387387387   -1.825846380   -1.967578436   -1.998465967
    7.402402402   -1.890107248   -2.051394053   -2.086658306
    7.417417417   -1.943252491   -2.118947293   -2.157509269
    7.432432432   -1.983190603   -2.166354434   -2.206724420
    7.447447447   -2.011065859   -2.197907443   -2.239362737
    7.462462462   -2.029188454   -2.220139389   -2.262817904
    7.477477477   -2.040206649   -2.234668245   -2.278350102
    7.492492492   -2.051859010   -2.244092063   -2.287400116
    7.507507508   -2.080299147   -2.259329332   -2.299721048
    7.522522523   -2.134276332   -2.288072293   -2.322810390
    7.537537538   -2.200657735   -2.324033940   -2.351873478
    7.552552553   -2.255976475   -2.353376542   -2.375179056
    7.567567568   -2.287406973   -2.366615624   -2.384109122
    7.582582583   -2.297516541   -2.364224971   -2.378814326
    7.597597598   -2.296763619   -2.354732041   -2.367447287
    7.612612613   -2.295388266   -2.349202239   -2.361175353
    7.627627628   -2.294831871   -2.351040562   -2.363655085
    7.642642643   -2.288669476   -2.353214298   -2.367662177
    7.657657658   -2.275427012   -2.350547586   -2.367332434
    7.672672673   -2.263012224   -2.345818559   -2.364382049
    7.687687688   -2.260227284   -2.343961042   -2.362786613
    7.702702703   -2.268578903   -2.347521679   -2.365204124
    7.717717718   -2.278567864   -2.351639979   -2.367902270
    7.732732733   -2.280859652   -2.347105077   -2.361843199
    7.747747748   -2.281388221   -2.334449730   -2.346312456
    7.762762763   -2.290298853   -2.323327476   -2.330774139
    7.777777778   -2.308951965   -2.322394786   -2.325424236
    7.792792793   -2.330964915   -2.332149890   -2.332218996
    7.807807808   -2.350824324   -2.347148957   -2.345855199
    7.822822823   -2.367561646   -2.360628609   -2.358544425
    7.837837838   -2.380101400   -2.365804797   -2.362213370
    7.852852853   -2.386133560   -2.359958753   -2.353911173
    7.867867868   -2.382611543   -2.344902655   -2.336504880
    7.882882883   -2.370356589   -2.325824749   -2.316122672
    7.897897898   -2.354812827   -2.307815227   -2.297687788
    7.912912913   -2.339078028   -2.292453464   -2.282345200
    7.927927928   -2.321233829   -2.279337011   -2.269984390
    7.942942943   -2.299558492   -2.267865381   -2.260401512
    7.957957958   -2.277406120   -2.258134540   -2.253256881
    7.972972973   -2.257961454   -2.248872831   -2.246332412
    7.987987988   -2.238875417   -2.236105318   -2.235102829
    8.003003003   -2.220658605   -2.219823493   -2.219339153
    8.018018018   -2.211053220   -2.206241394   -2.204806948
    8.033033033   -2.215572639   -2.202634199   -2.199142048
    8.048048048   -2.230364813   -2.210535950   -2.205274213
    8.063063063   -2.246741927   -2.224015570   -2.218137773
    8.078078078   -2.258547637   -2.236117381   -2.230607148
    8.093093093   -2.260886600   -2.240868621   -2.236315984
    8.108108108   -2.250415439   -2.233759708   -2.230263004
    8.123123123   -2.227378212   -2.213149889   -2.210293574
    8.138138138   -2.193863794   -2.179798070   -2.176945217
    8.153153153   -2.155573438   -2.139676179   -2.136307686
    8.168168168   -2.122909588   -2.103637159   -2.099399217
    8.183183183   -2.103621045   -2.080099762   -2.074816400
    8.198198198   -2.095886405   -2.069469680   -2.063408234
    8.213213213   -2.093728303   -2.067525763   -2.061359988
    8.228228228   -2.093991771   -2.070193156   -2.064501759
    8.243243243   -2.092047151   -2.070818721   -2.065791072
    8.258258258   -2.082835815   -2.063779510   -2.059420553
    8.273273273   -2.065027376   -2.049501841   -2.046051808
    8.288288288   -2.041217422   -2.032795261   -2.030905474
    8.303303303   -2.019066697   -2.019280317   -2.019239880
    8.318318318   -2.007389007   -2.012067002   -2.012986494
    8.333333333   -2.009736309   -2.012233333   -2.012650473
    8.348348348   -2.021753894   -2.018255104   -2.017247591
    8.363363363   -2.033874135   -2.024117086   -2.021575418
    8.378378378   -2.038185280   -2.023418896   -2.019660232
    8.393393393   -2.032884423   -2.014558862   -2.009999472
    8.408408408   -2.020554773   -1.999486958   -1.994414171
    8.423423423   -2.003396323   -1.979407785   -1.973826252
    8.438438438   -1.981947701   -1.953895081   -1.947551367
    8.453453453   -1.956214109   -1.923805096   -1.916615870
    8.468468468   -1.925161381   -1.891403551   -1.883957204
    8.483483483   -1.889982581   -1.861165042   -1.854778902
    8.498498498   -1.857174372   -1.839105377   -1.835063974
    8.513513514   -1.835361241   -1.829450116   -1.828103875
    8.528528529   -1.829295313   -1.832761415   -1.833485749
    8.543543544   -1.833967376   -1.842109567   -1.843837642
    8.558558559   -1.838099244   -1.846688796   -1.848453609
    8.573573574   -1.837420273   -1.843908576   -1.845099776
    8.588588589   -1.837506638   -1.840836471   -1.841211228
    8.603603604   -1.843523525   -1.843426867   -1.842956111
    8.618618619   -1.852870495   -1.848869325   -1.847529687
    8.633633634   -1.859641590   -1.850384223   -1.847960955
    8.648648649   -1.859339571   -1.843328873   -1.839483896
    8.663663664   -1.849638374   -1.827170825   -1.821931845
    8.678678679   -1.831780289   -1.804987848   -1.798820032
    8.693693694   -1.811263901   -1.782543434   -1.775965149
    8.708708709   -1.793060837   -1.764173017   -1.757612283
    8.723723724   -1.778602111   -1.749767464   -1.743337847
    8.738738739   -1.767620166   -1.737737847   -1.731176841
    8.753753754   -1.761042216   -1.728900847   -1.721798059
    8.768768769   -1.758829346   -1.722964668   -1.714869169
    8.783783784   -1.754292201   -1.713849473   -1.704627890
    8.798798799   -1.739858963   -1.696954176   -1.687196072
    8.813813814   -1.718544414   -1.678081756   -1.668883137
    8.828828829   -1.699591937   -1.666579862   -1.659002791
    8.843843844   -1.685679098   -1.662410204   -1.656934710
    8.858858859   -1.672162720   -1.657805334   -1.654250240
    8.873873874   -1.657438836   -1.650274711   -1.648308400
    8.888888889   -1.644845817   -1.642965572   -1.642242923
    8.903903904   -1.635693482   -1.635722208   -1.635544262
    8.918918919   -1.629573965   -1.627047768   -1.626383609
    8.933933934   -1.626776643   -1.617650015   -1.615483788
    8.948948949   -1.625993274   -1.607428558   -1.603053363
    8.963963964   -1.624400560   -1.595167099   -1.588320881
    8.978978979   -1.621813194   -1.583559784   -1.574603469
    8.993993994   -1.620317046   -1.577326426   -1.567188257
    9.009009009   -1.617397131   -1.574117316   -1.563853069
    9.024024024   -1.609086610   -1.568017455   -1.558333700
    9.039039039   -1.595492481   -1.556918109   -1.547996206
    9.054054054   -1.577865830   -1.541056228   -1.532720070
    9.069069069   -1.559463318   -1.523851106   -1.515886882
    9.084084084   -1.544444593   -1.510487957   -1.502911709
    9.099099099   -1.533014936   -1.501973061   -1.495008019
    9.114114114   -1.523374989   -1.495851924   -1.489584478
    9.129129129   -1.516602818   -1.492347788   -1.486725988
    9.144144144   -1.515170361   -1.494717058   -1.489888206
    9.159159159   -1.519962081   -1.504359583   -1.500564139
    9.174174174   -1.531211529   -1.520102862   -1.517327100
    9.189189189   -1.547866183   -1.539359244   -1.537277855
    9.204204204   -1.562514290   -1.554450994   -1.552598623
    9.219219219   -1.566425449   -1.556844834   -1.554738187
    9.234234234   -1.559367455   -1.546259519   -1.543372920
    9.249249249   -1.545698589   -1.528289148   -1.524375006
    9.264264264   -1.528069290   -1.506895380   -1.502083240
    9.279279279   -1.508945589   -1.484041065   -1.478368063
    9.294294294   -1.491284333   -1.462069137   -1.455389051
    9.309309309   -1.478069746   -1.444144416   -1.436375920
    9.324324324   -1.471114282   -1.432547048   -1.423737640
    9.339339339   -1.469816591   -1.427024788   -1.417256562
    9.354354354   -1.472069708   -1.425472327   -1.414773078
    9.369369369   -1.476125382   -1.426178583   -1.414614330
    9.384384384   -1.481245273   -1.428768570   -1.416567922
    9.399399399   -1.487441033   -1.434072175   -1.421680259
    9.414414414   -1.494546911   -1.442161273   -1.430082614
    9.429429429   -1.501455874   -1.451010684   -1.439502456
    9.444444444   -1.507171858   -1.459293907   -1.448481166
    9.459459459   -1.510080992   -1.466224796   -1.456362540
    9.474474474   -1.507360467   -1.469032202   -1.460352535
    9.489489489   -1.498644807   -1.466214897   -1.458755053
    9.504504505   -1.487941655   -1.461313908   -1.455106303
    9.519519520   -1.478676405   -1.458227385   -1.453388923
    9.534534535   -1.471950525   -1.458071817   -1.454683170
    9.549549550   -1.468747764   -1.460969763   -1.458933330
    9.564564565   -1.467773945   -1.465122640   -1.464244323
    9.579579580   -1.465847250   -1.466790306   -1.466772162
    9.594594595   -1.461157298   -1.463034775   -1.463319308
    9.609609610   -1.453453992   -1.453606317   -1.453601305
    9.624624625   -1.442837486   -1.440338090   -1.439804939
    9.639639640   -1.431592229   -1.426692356   -1.425622906
    9.654654655   -1.424274267   -1.416266301   -1.414455542
    9.669669670   -1.422335708   -1.409226480   -1.406224517
    9.684684685   -1.420921476   -1.400989455   -1.396445755
    9.699699700   -1.415120143   -1.388103730   -1.382004244
    9.714714715   -1.405304801   -1.372577976   -1.365215518
    9.729729730   -1.395258900   -1.359154491   -1.351008999
    9.744744745   -1.386721633   -1.349596017   -1.341177834
    9.759759760   -1.378353125   -1.342356641   -1.334131042
    9.774774775   -1.369778547   -1.337120839   -1.329600266
    9.789789790   -1.362317904   -1.335159439   -1.328867082
    9.804804805   -1.356882856   -1.336638676   -1.331902470
    9.819819820   -1.352386967   -1.339244011   -1.336121398
    9.834834835   -1.345808249   -1.338827778   -1.337146972
    9.849849850   -1.335437255   -1.332619537   -1.331941357
    9.864864865   -1.323533232   -1.322505066   -1.322228662
    9.879879880   -1.313344499   -1.312407067   -1.312076739
    9.894894895   -1.306407384   -1.304812823   -1.304212703
    9.909909910   -1.303562157   -1.301861487   -1.301057131
    9.924924925   -1.304091736   -1.303705523   -1.303048705
    9.939939940   -1.304605645   -1.306147681   -1.305924781
    9.954954955   -1.300437352   -1.303553272   -1.303813413
    9.969969970   -1.289061461   -1.293094997   -1.293711285
    9.984984985   -1.272881275   -1.276749967   -1.277427760
   10.000000000   -1.255559116   -1.258024573   -1.258412274
   10.015015015   -1.238041883   -1.238416750   -1.238311076
   10.030030030   -1.220082379   -1.217907112   -1.217223957
   10.045045045   -1.203444026   -1.198087385   -1.196744376
   10.060060060   -1.190277472   -1.181705345   -1.179721686
   10.075075075   -1.180351678   -1.169653861   -1.167258072
   10.090090090   -1.173410849   -1.161418445   -1.158807390
   10.105105105   -1.170187248   -1.156372080   -1.153434500
   10.120120120   -1.170953150   -1.154427631   -1.150935891
   10.135135135   -1.173838742   -1.154693504   -1.150635257
   10.150150150   -1.176338396   -1.155436627   -1.150964031
   10.165165165   -1.177077710   -1.155436098   -1.150705735
   10.180180180   -1.175692885   -1.154457865   -1.149667335
   10.195195195   -1.173191505   -1.153360521   -1.148743194
   10.210210210   -1.170691177   -1.152516391   -1.148175186
   10.225225225   -1.168460878   -1.151761615   -1.147696045
   10.240240240   -1.166191834   -1.151054501   -1.147311572
   10.255255255   -1.163404956   -1.150041941   -1.146691406
   10.270270270   -1.159612529   -1.147816655   -1.144825664
   10.285285285   -1.154385879   -1.143804208   -1.141096139
   10.300300300   -1.147340333   -1.138360881   -1.136015817
   10.315315315   -1.138088105   -1.131984504   -1.130282300
   10.330330330   -1.126370677   -1.124579098   -1.123862188
   10.345345345   -1.113079408   -1.116140145   -1.116572572
   10.360360360   -1.101014244   -1.107864755   -1.109229810
   10.375375375   -1.092633916   -1.101144203   -1.102949131
   10.390390390   -1.088029146   -1.096124556   -1.097876759
   10.405405405   -1.084817223   -1.091144451   -1.092503362
   10.420420420   -1.080424201   -1.084429897   -1.085233100
   10.435435435   -1.075625289   -1.077141855   -1.077344156
   10.450450450   -1.071870644   -1.070557336   -1.070142044
   10.465465465   -1.068099898   -1.063083791   -1.061934771
   10.480480480   -1.063081169   -1.053458460   -1.051383100
   10.495495495   -1.057340195   -1.043206905   -1.040165139
   10.510510511   -1.051561537   -1.034299079   -1.030534231
   10.525525526   -1.045961274   -1.027499299   -1.023428322
   10.540540541   -1.041543873   -1.023289619   -1.019243902
   10.555555556   -1.039151198   -1.021836929   -1.017985600
   10.570570571   -1.038086093   -1.022596557   -1.019140072
   10.585585586   -1.037409700   -1.024702930   -1.021892912
   10.600600601   -1.037025442   -1.026958813   -1.024782852
   10.615615616   -1.037170981   -1.028677039   -1.026826257
   10.630630631   -1.037850170   -1.030411226   -1.028688045
   10.645645646   -1.037558939   -1.031849083   -1.030396621
   10.660660661   -1.034235487   -1.031417006   -1.030545536
   10.675675676   -1.027917607   -1.028258037   -1.028096523
   10.690690691   -1.021240508   -1.023234109   -1.023482662
   10.705705706   -1.017335286   -1.018145110   -1.018159498
   10.720720721   -1.016575009   -1.013604035   -1.012795575
   10.735735736   -1.016708672   -1.008986493   -1.007152892
   10.750750751   -1.014610237   -1.002915694   -1.000232938
   10.765765766   -1.006498858   -0.992751062   -0.989623506
   10.780780781   -0.992348151   -0.978268997   -0.975065363
   10.795795796   -0.977349064   -0.963390002   -0.960223704
   10.810810811   -0.965943959   -0.951806485   -0.948638480
   10.825825826   -0.957748459   -0.943090435   -0.939844259
   10.840840841   -0.949916571   -0.934470372   -0.931053628
   10.855855856   -0.941605927   -0.925697033   -0.922156941
   10.870870871   -0.934412727   -0.919312949   -0.915937805
   10.885885886   -0.929614373   -0.916976466   -0.914167139
   10.900900901   -0.926394969   -0.917357578   -0.915405993
   10.915915916   -0.922668216   -0.917383245   -0.916323900
   10.930930931   -0.917579134   -0.915413795   -0.915061571
   10.945945946   -0.912958723   -0.912918743   -0.912981960
   10.960960961   -0.910853721   -0.911628205   -0.911776933
   10.975975976   -0.910349896   -0.910332267   -0.910237793
   10.990990991   -0.908990468   -0.906912335   -0.906338719
   11.006006006   -0.905431105   -0.901087700   -0.900015385
   11.021021021   -0.900046181   -0.893927311   -0.892479864
   11.036036036   -0.893696027   -0.886336685   -0.884644243
   11.051051051   -0.886785418   -0.878677972   -0.876833907
   11.066066066   -0.879188213   -0.870788232   -0.868860490
   11.081081081   -0.871313999   -0.862925368   -0.860968992
   11.096096096   -0.864113114   -0.855934792   -0.854006409
   11.111111111   -0.857906923   -0.850016472   -0.848142742
   11.126126126   -0.852044966   -0.844117280   -0.842229703
   11.141141141   -0.844786144   -0.836134870   -0.834094805
   11.156156156   -0.834021467   -0.824339018   -0.822086641
   11.171171171   -0.819815124   -0.809195669   -0.806744131
   11.186186186   -0.804602043   -0.793037424   -0.790367041
   11.201201201   -0.790720711   -0.778276144   -0.775374405
   11.216216216   -0.779323588   -0.766158049   -0.763065999
   11.231231231   -0.770421977   -0.756475246   -0.753238509
   11.246246246   -0.764188019   -0.749076055   -0.745667640
   11.261261261   -0.761448096   -0.744749337   -0.741078683
   11.276276276   -0.761792555   -0.743374269   -0.739354147
   11.291291291   -0.762799993   -0.742939214   -0.738560984
   11.306306306   -0.762967353   -0.742092900   -0.737422551
   11.321321321   -0.762613143   -0.741015717   -0.736121885
   11.336336336   -0.761682577   -0.739681577   -0.734647798
   11.351351351   -0.759920588   -0.738185778   -0.733177315
   11.366366366   -0.757476234   -0.736893868   -0.732134755
   11.381381381   -0.753528102   -0.734841565   -0.730525228
   11.396396396   -0.747211743   -0.730633252   -0.726817247
   11.411411411   -0.738943290   -0.723930874   -0.720469317
   11.426426426   -0.730084439   -0.715758215   -0.712425413
   11.441441441   -0.722575482   -0.707958576   -0.704532918
   11.456456456   -0.717435223   -0.701694490   -0.697993626
   11.471471471   -0.713445553   -0.696505136   -0.692514897
   11.486486486   -0.709135306   -0.691617661   -0.687470295
   11.501501502   -0.704810114   -0.686900828   -0.682655165
   11.516516517   -0.701244100   -0.682096889   -0.677611813
   11.531531532   -0.697085860   -0.675888392   -0.671009236
   11.546546547   -0.690521886   -0.667278718   -0.661999955
   11.561561562   -0.681890402   -0.656987601   -0.651374630
   11.576576577   -0.671985094   -0.645879152   -0.640007873
   11.591591592   -0.660969206   -0.634490964   -0.628530730
   11.606606607   -0.650342150   -0.624387732   -0.618547732
   11.621621622   -0.642232244   -0.617043358   -0.611414592
   11.636636637   -0.636752996   -0.612170664   -0.606731146
   11.651651652   -0.632616322   -0.609024035   -0.603805758
   11.666666667   -0.629506375   -0.607956160   -0.603126726
   11.681681682   -0.627937092   -0.609244218   -0.604969439
   11.696696697   -0.627259400   -0.611295062   -0.607593089
   11.711711712   -0.626245509   -0.612253306   -0.609010227
   11.726726727   -0.624547924   -0.611864544   -0.608951297
   11.741741742   -0.622404415   -0.610657141   -0.607974260
   11.756756757   -0.620864938   -0.609648914   -0.607058445
   11.771771772   -0.621086129   -0.609632772   -0.606932961
   11.786786787   -0.622175711   -0.609398967   -0.606379895
   11.801801802   -0.621268998   -0.606318729   -0.602830971
   11.816816817   -0.616866315   -0.599642931   -0.595651173
   11.831831832   -0.610588432   -0.591681328   -0.587280722
   11.846846847   -0.605006721   -0.585113402   -0.580460385
   11.861861862   -0.601289181   -0.580846082   -0.576074553
   11.876876877   -0.599266405   -0.578528726   -0.573728113
   11.891891892   -0.597692988   -0.576697046   -0.571879077
   11.906906907   -0.594381920   -0.573121321   -0.568259982
   11.921921922   -0.587408672   -0.565977166   -0.561067342
   11.936936937   -0.577146551   -0.555454707   -0.550476654
   11.951951952   -0.565535741   -0.543185450   -0.538070882
   11.966966967   -0.553695113   -0.530267477   -0.524933193
   11.981981982   -0.542015693   -0.517426494   -0.511849293
   11.996996997   -0.531164433   -0.505769473   -0.500027238
   12.012012012   -0.521589065   -0.496120656   -0.490389353
   12.027027027   -0.513880187   -0.489120004   -0.483585220
   12.042042042   -0.509300083   -0.485652923   -0.480396666
   12.057057057   -0.508081466   -0.485542964   -0.480528626
   12.072072072   -0.508575741   -0.487225208   -0.482435740
   12.087087087   -0.509024883   -0.489308257   -0.484849762
   12.102102102   -0.508592137   -0.490897505   -0.486878982
   12.117117117   -0.507439019   -0.491574362   -0.487964954
   12.132132132   -0.507136167   -0.492272085   -0.488887375
   12.147147147   -0.508980691   -0.493996397   -0.490587961
   12.162162162   -0.511962406   -0.495946431   -0.492307795
   12.177177177   -0.513646295   -0.496510323   -0.492605460
   12.192192192   -0.512308374   -0.494974353   -0.490997757
   12.207207207   -0.508251348   -0.491802224   -0.488013412
   12.222222222   -0.503065223   -0.487776082   -0.484256347
   12.237237237   -0.498370086   -0.483775246   -0.480405198
   12.252252252   -0.494779815   -0.480505206   -0.477172170
   12.267267267   -0.490957405   -0.477003282   -0.473712387
   12.282282282   -0.485604540   -0.471789439   -0.468539497
   12.297297297   -0.479280835   -0.465133742   -0.461854620
   12.312312312   -0.472816723   -0.458003393   -0.454628862
   12.327327327   -0.466362327   -0.450577032   -0.447020851
   12.342342342   -0.459905524   -0.442561745   -0.438665343
   12.357357357   -0.453578643   -0.434261698   -0.429904798
   12.372372372   -0.447929461   -0.426822840   -0.422029346
   12.387387387   -0.442953746   -0.420746839   -0.415665747
   12.402402402   -0.437619109   -0.415176982   -0.410010714
   12.417417417   -0.431619609   -0.409480038   -0.404377547
   12.432432432   -0.426203875   -0.404448232   -0.399458432
   12.447447447   -0.422782288   -0.401330070   -0.396451407
   12.462462462   -0.421550667   -0.400357161   -0.395576761
   12.477477477   -0.421240238   -0.400377709   -0.395701955
   12.492492492   -0.420971267   -0.400357804   -0.395756317
   12.507507508   -0.421090373   -0.400341351   -0.395705142
   12.522522523   -0.421869793   -0.400713354   -0.395953548
   12.537537538   -0.423094430   -0.401684672   -0.396819437
   12.552552553   -0.424851574   -0.403646527   -0.398784074
   12.567567568   -0.427303012   -0.406690213   -0.401927564
   12.582582583   -0.430342900   -0.410238438   -0.405552848
   12.597597598   -0.433464232   -0.413392264   -0.408685332
   12.612612613   -0.435315372   -0.415035577   -0.410272436
   12.627627628   -0.435184063   -0.415044359   -0.410314219
   12.642642643   -0.433378324   -0.413999350   -0.409442384
   12.657657658   -0.429902069   -0.411971519   -0.407740790
   12.672672673   -0.424697795   -0.408693748   -0.404918743
   12.687687688   -0.418118980   -0.404038265   -0.400731130
   12.702702703   -0.410359868   -0.398056580   -0.395160150
   12.717717718   -0.401558475   -0.390966909   -0.388455706
   12.732732733   -0.392166568   -0.383028876   -0.380872190
   12.747747748   -0.382563481   -0.374340783   -0.372440140
   12.762762763   -0.373067949   -0.364987542   -0.363161097
   12.777777778   -0.364252922   -0.355442061   -0.353451609
   12.792792793   -0.356712245   -0.346559776   -0.344226890
   12.807807808   -0.350832348   -0.339287976   -0.336598794
   12.822822823   -0.346976050   -0.334563010   -0.331655418
   12.837837838   -0.345630745   -0.333114796   -0.330180737
   12.852852853   -0.347057590   -0.334958038   -0.332132612
   12.867867868   -0.350397443   -0.338924878   -0.336277132
   12.882882883   -0.353731288   -0.343004771   -0.340573557
   12.897897898   -0.355704175   -0.345621824   -0.343376036
   12.912912913   -0.356560880   -0.346683164   -0.344495821
   12.927927928   -0.356924562   -0.346792508   -0.344533721
   12.942942943   -0.356930536   -0.346481893   -0.344133915
   12.957957958   -0.356938846   -0.346452373   -0.344082089
   12.972972973   -0.357224038   -0.346973015   -0.344630743
   12.987987988   -0.357276666   -0.347338074   -0.345034989
   13.003003003   -0.355944993   -0.346306303   -0.344054655
   13.018018018   -0.352515074   -0.343126052   -0.340931090
   13.033033033   -0.347193865   -0.337987350   -0.335837297
   13.048048048   -0.340381536   -0.331394240   -0.329295033
   13.063063063   -0.332035363   -0.323404875   -0.321381056
   13.078078078   -0.322819747   -0.314569749   -0.312611568
   13.093093093   -0.314404651   -0.306294441   -0.304344327
   13.108108108   -0.307600809   -0.299297926   -0.297292647
   13.123123123   -0.302179270   -0.293594517   -0.291517291
   13.138138138   -0.298071880   -0.289349082   -0.287222782
   13.153153153   -0.295211877   -0.286412775   -0.284255434
   13.168168168   -0.293151291   -0.284113187   -0.281909189
   13.183183183   -0.291705650   -0.282253017   -0.279971763
   13.198198198   -0.290947588   -0.281301712   -0.278976345
   13.213213213   -0.290952905   -0.281684842   -0.279437436
   13.228228228   -0.291865308   -0.283293011   -0.281216577
   13.243243243   -0.293704211   -0.285807670   -0.283903512
   13.258258258   -0.295577849   -0.288468451   -0.286745634
   13.273273273   -0.296452009   -0.290339394   -0.288850802
   13.288288288   -0.296394419   -0.291157160   -0.289903517
   13.303303303   -0.296108520   -0.291190997   -0.290053066
   13.318318318   -0.295941852   -0.290750351   -0.289568322
   13.333333333   -0.295819874   -0.290128874   -0.288829103
   13.348348348   -0.295892217   -0.289785410   -0.288376140
   13.363363363   -0.296271414   -0.289957502   -0.288474298
   13.378378378   -0.296326230   -0.290063828   -0.288564307
   13.393393393   -0.294929826   -0.289027717   -0.287603349
   13.408408408   -0.291255536   -0.286112735   -0.284877032
   13.423423423   -0.285214164   -0.281041426   -0.280041244
   13.438438438   -0.277440932   -0.273979029   -0.273140265
   13.453453453   -0.269327294   -0.266041453   -0.265227116
   13.468468468   -0.262425569   -0.258821912   -0.257916898
   13.483483483   -0.257083297   -0.252910717   -0.251882069
   13.498498498   -0.252730821   -0.247903961   -0.246757237
   13.513513514   -0.248617334   -0.243072113   -0.241791147
   13.528528529   -0.243747044   -0.237583046   -0.236167159
   13.543543544   -0.237677554   -0.231184134   -0.229679404
   13.558558559   -0.231198357   -0.224612227   -0.223071576
   13.573573574   -0.225384416   -0.218772887   -0.217222024
   13.588588589   -0.220511960   -0.213882513   -0.212326758
   13.603603604   -0.216501660   -0.209947667   -0.208402374
   13.618618619   -0.213627696   -0.207406934   -0.205933663
   13.633633634   -0.211931960   -0.206436623   -0.205145747
   13.648648649   -0.211210286   -0.206808699   -0.205811742
   13.663663664   -0.211665677   -0.208506446   -0.207836511
   13.678678679   -0.213414353   -0.211366536   -0.210955871
   13.693693694   -0.215311572   -0.214177136   -0.213936961
   13.708708709   -0.215855198   -0.215529953   -0.215409521
   13.723723724   -0.215123829   -0.215337054   -0.215287951
   13.738738739   -0.214280681   -0.214489290   -0.214424440
   13.753753754   -0.213969944   -0.213643765   -0.213462046
   13.768768769   -0.214172365   -0.212991788   -0.212621493
   13.783783784   -0.214505873   -0.212474337   -0.211912957
   13.798798799   -0.214372008   -0.211773748   -0.211092856
   13.813813814   -0.213049726   -0.210042754   -0.209298322
   13.828828829   -0.210159565   -0.206639975   -0.205812137
   13.843843844   -0.206083252   -0.201965249   -0.201014895
   13.858858859   -0.201916051   -0.197233722   -0.196147794
   13.873873874   -0.198713250   -0.193515585   -0.192296941
   13.888888889   -0.196633087   -0.190773355   -0.189386890
   13.903903904   -0.195143218   -0.188177595   -0.186526308
   13.918918919   -0.193835275   -0.185259111   -0.183240042
   13.933933934   -0.192841037   -0.182362205   -0.179917028
   13.948948949   -0.192484104   -0.180066861   -0.177193868
   13.963963964   -0.192839315   -0.178661294   -0.175405171
   13.978978979   -0.193402852   -0.177801563   -0.174234949
   13.993993994   -0.193114481   -0.176486693   -0.172701247
   14.009009009   -0.191263795   -0.173912191   -0.169996125
   14.024024024   -0.188402311   -0.170421359   -0.166405188
   14.039039039   -0.185890620   -0.167267702   -0.163126132
   14.054054054   -0.184596894   -0.165406323   -0.161124978
   14.069069069   -0.184259623   -0.164768719   -0.160396170
   14.084084084   -0.183989324   -0.164548230   -0.160180197
   14.099099099   -0.182756698   -0.163639755   -0.159357436
   14.114114114   -0.180225642   -0.161646174   -0.157492826
   14.129129129   -0.177672521   -0.159653342   -0.155611586
   14.144144144   -0.176743666   -0.158999674   -0.154988291
   14.159159159   -0.177602093   -0.159786479   -0.155729767
   14.174174174   -0.179012925   -0.160878563   -0.156735400
   14.189189189   -0.179622878   -0.161088225   -0.156852079
   14.204204204   -0.178598013   -0.159873148   -0.155597351
   14.219219219   -0.175873493   -0.157386558   -0.153171783
   14.234234234   -0.172169419   -0.154128702   -0.150026577
   14.249249249   -0.168420521   -0.150503626   -0.146434778
   14.264264264   -0.165036058   -0.146642200   -0.142455057
   14.279279279   -0.162008291   -0.142683751   -0.138267461
   14.294294294   -0.159502068   -0.139034916   -0.134343082
   14.309309309   -0.157632400   -0.135892672   -0.130901949
   14.324324324   -0.155767116   -0.132730536   -0.127447249
   14.339339339   -0.152994988   -0.128964696   -0.123474903
   14.354354354   -0.149180827   -0.124802262   -0.119255226
   14.369369369   -0.144865382   -0.120869573   -0.115409580
   14.384384384   -0.140693129   -0.117580221   -0.112307560
   14.399399399   -0.137214568   -0.114990180   -0.109917973
   14.414414414   -0.134788304   -0.113018546   -0.108057930
   14.429429429   -0.133168720   -0.111379510   -0.106418655
   14.444444444   -0.131826971   -0.109841796   -0.104844034
   14.459459459   -0.130684029   -0.108564357   -0.103555388
   14.474474474   -0.129922506   -0.107734359   -0.102730092
   14.489489489   -0.129466544   -0.107257413   -0.102266343
   14.504504505   -0.128821749   -0.106681743   -0.101730433
   14.519519520   -0.127244656   -0.105216020   -0.100304374
   14.534534535   -0.124510188   -0.102586226   -0.097674227
   14.549549550   -0.121190272   -0.099471860   -0.094556386
   14.564564565   -0.117856996   -0.096549427   -0.091692793
   14.579579580   -0.114317021   -0.093529137   -0.088774800
   14.594594595   -0.110227602   -0.089857955   -0.085185147
   14.609609610   -0.105702015   -0.085516499   -0.080878697
   14.624624625   -0.100807168   -0.080576035   -0.075936104
   14.639639640   -0.095379792   -0.074960086   -0.070296408
   14.654654655   -0.089426529   -0.068749454   -0.064038771
   14.669669670   -0.083267777   -0.062275534   -0.057488183
   14.684684685   -0.077756174   -0.056325343   -0.051420527
   14.699699700   -0.073810752   -0.051742030   -0.046676389
   14.714714715   -0.071382375   -0.048449387   -0.043192563
   14.729729730   -0.069534043   -0.045593032   -0.040135251
   14.744744745   -0.067639535   -0.042811293   -0.037189848
   14.759759760   -0.065972246   -0.040564046   -0.034844868
   14.774774775   -0.065299985   -0.039551287   -0.033780525
   14.789789790   -0.066045539   -0.040168718   -0.034373413
   14.804804805   -0.067454703   -0.041791043   -0.036020213
   14.819819820   -0.067851874   -0.042737591   -0.037050753
   14.834834835   -0.066325218   -0.041904822   -0.036338228
   14.849849850   -0.063281653   -0.039590583   -0.034171625
   14.864864865   -0.059560693   -0.036590589   -0.031340152
   14.879879880   -0.055552844   -0.033270743   -0.028203215
   14.894894895   -0.050866480   -0.029370833   -0.024516120
   14.909909910   -0.045211636   -0.024746849   -0.020148016
   14.924924925   -0.038954268   -0.019665971   -0.015335017
   14.939939940   -0.032916557   -0.014685032   -0.010581760
   14.954954955   -0.027880360   -0.010386837   -0.006430459
   14.969969970   -0.023918618   -0.006916380   -0.003043189
   14.984984985   -0.020609275   -0.004232973   -0.000473646
   15.000000000   -0.017736220   -0.002314306    0.001247104
