# energy grid [eV]     ieps_x  ieps_y  ieps_z
#
    0.000000000   32.459893514   35.167824705   35.799415969
    0.015015015   32.443684026   35.149897808   35.781081502
    0.030030030   32.415677315   35.118918981   35.749397414
    0.045045045   32.381888301   35.081535830   35.711161525
    0.060060060   32.342446021   35.037886539   35.666514258
    0.075075075   32.297416907   34.988039466   35.615524502
    0.090090090   32.246875757   34.932071693   35.558269972
    0.105105105   32.190905597   34.870068965   35.494837146
    0.120120120   32.129597243   34.802125287   35.425320886
    0.135135135   32.063048828   34.728342494   35.349824009
    0.150150150   31.991365310   34.648829800   35.268456848
    0.165165165   31.914657956   34.563703320   35.181336777
    0.180180180   31.833043814   34.473085573   35.088587727
    0.195195195   31.746645168   34.377104978   34.990339682
    0.210210210   31.655589004   34.275895335   34.886728172
    0.225225225   31.560006458   34.169595303   34.777893748
    0.240240240   31.460032280   34.058347875   34.663981467
    0.255255255   31.355804302   33.942299859   34.545140368
    0.270270270   31.247462919   33.821601361   34.421522956
    0.285285285   31.135150587   33.696405274   34.293284697
    0.300300300   31.019011333   33.566866791   34.160583514
    0.315315315   30.899190289   33.433142912   34.023579305
    0.330330330   30.775833250   33.295391988   33.882433468
    0.345345345   30.649086252   33.153773266   33.737308452
    0.360360360   30.519095175   33.008446465   33.588367312
    0.375375375   30.386005376   32.859571369   33.435773303
    0.390390390   30.249961337   32.707307436   33.279689476
    0.405405405   30.111106355   32.551813444   33.120278313
    0.420420420   29.969582243   32.393247144   32.957701368
    0.435435435   29.825529067   32.231764945   32.792118945
    0.450450450   29.679084901   32.067521627   32.623689790
    0.465465465   29.530385614   31.900670063   32.452570812
    0.480480480   29.379564671   31.731360978   32.278916823
    0.495495495   29.226752967   31.559742725   32.102880302
    0.510510511   29.072078675   31.385961081   31.924611180
    0.525525526   28.915667118   31.210159068   31.744256650
    0.540540541   28.757640659   31.032476794   31.561960994
    0.555555556   28.598118611   30.853051309   31.377865432
    0.570570571   28.437217164   30.672016489   31.192107992
    0.585585586   28.275049322   30.489502930   31.004823391
    0.600600601   28.111724865   30.305637863   30.816142948
    0.615615616   27.947350316   30.120545082   30.626194496
    0.630630631   27.782028926   29.934344890   30.435102323
    0.645645646   27.615860664   29.747154059   30.242987123
    0.660660661   27.448942224   29.559085799   30.049965958
    0.675675676   27.281367039   29.370249745   29.856152239
    0.690690691   27.113225301   29.180751953   29.661655713
    0.705705706   26.944603993   28.990694901   29.466582464
    0.720720721   26.775586921   28.800177508   29.271034923
    0.735735736   26.606254762   28.609295157   29.075111889
    0.750750751   26.436685107   28.418139726   28.878908553
    0.765765766   26.266952515   28.226799626   28.682516539
    0.780780781   26.097128568   28.035359845   28.486023941
    0.795795796   25.927281932   27.843902000   28.289515375
    0.810810811   25.757478415   27.652504391   28.093072031
    0.825825826   25.587781037   27.461242060   27.896771729
    0.840840841   25.418250092   27.270186855   27.700688989
    0.855855856   25.248943216   27.079407498   27.504895089
    0.870870871   25.079915461   26.888969650   27.309458140
    0.885885886   24.911219357   26.698935985   27.114443155
    0.900900901   24.742904987   26.509366266   26.919912123
    0.915915916   24.575020057   26.320317413   26.725924089
    0.930930931   24.407609966   26.131843584   26.532535224
    0.945945946   24.240717873   25.943996251   26.339798910
    0.960960961   24.074384772   25.756824275   26.147765816
    0.975975976   23.908649559   25.570373986   25.956483976
    0.990990991   23.743549095   25.384689255   25.765998870
    1.006006006   23.579118284   25.199811577   25.576353502
    1.021021021   23.415390129   25.015780145   25.387588480
    1.036036036   23.252395804   24.832631924   25.199742094
    1.051051051   23.090164714   24.650401727   25.012850393
    1.066066066   22.928724560   24.469122290   24.826947261
    1.081081081   22.768101401   24.288824346   24.642064492
    1.096096096   22.608319712   24.109536690   24.458231869
    1.111111111   22.449402444   23.931286259   24.275477230
    1.126126126   22.291371083   23.754098193   24.093826546
    1.141141141   22.134245702   23.577995907   23.913303988
    1.156156156   21.978045019   23.403001155   23.733931996
    1.171171171   21.822786447   23.229134097   23.555731347
    1.186186186   21.668486148   23.056413358   23.378721221
    1.201201201   21.515159081   22.884856095   23.202919266
    1.216216216   21.362819054   22.714478051   23.028341656
    1.231231231   21.211478766   22.545293616   22.855003158
    1.246246246   21.061149856   22.377315884   22.682917185
    1.261261261   20.911842947   22.210556707   22.512095859
    1.276276276   20.763567687   22.045026749   22.342550062
    1.291291291   20.616332793   21.880735536   22.174289494
    1.306306306   20.470146089   21.717691507   22.007322720
    1.321321321   20.325014546   21.555902064   21.841657227
    1.336336336   20.180944318   21.395373616   21.677299469
    1.351351351   20.037940781   21.236111625   21.514254914
    1.366366366   19.896008564   21.078120653   21.352528095
    1.381381381   19.755151586   20.921404399   21.192122646
    1.396396396   19.615373086   20.765965744   21.033041351
    1.411411411   19.476675658   20.611806788   20.875286186
    1.426426426   19.339061276   20.458928891   20.718858352
    1.441441441   19.202531327   20.307332703   20.563758321
    1.456456456   19.067086638   20.157018209   20.409985866
    1.471471471   18.932727504   20.007984753   20.257540103
    1.486486486   18.799453711   19.860231077   20.106419520
    1.501501502   18.667264564   19.713755352   19.956622014
    1.516516517   18.536158910   19.568555204   19.808144918
    1.531531532   18.406135161   19.424627747   19.660985035
    1.546546547   18.277191317   19.281969610   19.515138666
    1.561561562   18.149324987   19.140576963   19.370601639
    1.576576577   18.022533407   19.000445543   19.227369335
    1.591591592   17.896813465   18.861570679   19.085436710
    1.606606607   17.772161716   18.723947316   18.944798329
    1.621621622   17.648574401   18.587570034   18.805448380
    1.636636637   17.526047466   18.452433077   18.667380703
    1.651651652   17.404576575   18.318530368   18.530588808
    1.666666667   17.284157132   18.185855529   18.395065900
    1.681681682   17.164784290   18.054401903   18.260804893
    1.696696697   17.046452972   17.924162571   18.127798435
    1.711711712   16.929157878   17.795130370   17.996038923
    1.726726727   16.812893507   17.667297907   17.865518521
    1.741741742   16.697654163   17.540657581   17.736229178
    1.756756757   16.583433971   17.415201589   17.608162640
    1.771771772   16.470226888   17.290921952   17.481310470
    1.786786787   16.358026713   17.167810518   17.355664062
    1.801801802   16.246827103   17.045858983   17.231214650
    1.816816817   16.136621578   16.925058901   17.107953327
    1.831831832   16.027403531   16.805401695   16.985871054
    1.846846847   15.919166242   16.686878670   16.864958674
    1.861861862   15.811902885   16.569481025   16.745206923
    1.876876877   15.705606535   16.453199860   16.626606438
    1.891891892   15.600270178   16.338026191   16.509147774
    1.906906907   15.495886720   16.223950953   16.392821407
    1.921921922   15.392448992   16.110965017   16.277617747
    1.936936937   15.289949759   15.999059192   16.163527146
    1.951951952   15.188381727   15.888224236   16.050539907
    1.966966967   15.087737550   15.778450863   15.938646292
    1.981981982   14.988009832   15.669729753   15.827836529
    1.996996997   14.889191142   15.562051555   15.718100818
    2.012012012   14.791274010   15.455406895   15.609429344
    2.027027027   14.694250939   15.349786385   15.501812273
    2.042042042   14.598114406   15.245180624   15.395239770
    2.057057057   14.502856870   15.141580211   15.289701995
    2.072072072   14.408470777   15.038975741   15.185189115
    2.087087087   14.314948560   14.937357818   15.081691305
    2.102102102   14.222282649   14.836717057   14.979198757
    2.117117117   14.130465470   14.737044086   14.877701681
    2.132132132   14.039489453   14.638329555   14.777190311
    2.147147147   13.949347033   14.540564138   14.677654909
    2.162162162   13.860030654   14.443738535   14.579085769
    2.177177177   13.771532773   14.347843477   14.481473221
    2.192192192   13.683845862   14.252869732   14.384807634
    2.207207207   13.596962412   14.158808102   14.289079419
    2.222222222   13.510874934   14.065649434   14.194279033
    2.237237237   13.425575965   13.973384616   14.100396979
    2.252252252   13.341058066   13.882004582   14.007423814
    2.267267267   13.257313828   13.791500315   13.915350147
    2.282282282   13.174335873   13.701862851   13.824166641
    2.297297297   13.092116854   13.613083275   13.733864019
    2.312312312   13.010649460   13.525152730   13.644433064
    2.327327327   12.929926418   13.438062417   13.555864619
    2.342342342   12.849940490   13.351803592   13.468149592
    2.357357357   12.770684482   13.266367573   13.381278955
    2.372372372   12.692151238   13.181745742   13.295243746
    2.387387387   12.614333645   13.097929540   13.210035072
    2.402402402   12.537224637   13.014910475   13.125644110
    2.417417417   12.460817190   12.932680120   13.042062104
    2.432432432   12.385104328   12.851230114   12.959280373
    2.447447447   12.310079123   12.770552163   12.877290304
    2.462462462   12.235734694   12.690638043   12.796083361
    2.477477477   12.162064210   12.611479599   12.715651080
    2.492492492   12.089060890   12.533068743   12.635985069
    2.507507508   12.016718004   12.455397459   12.557077015
    2.522522523   11.945028874   12.378457805   12.478918679
    2.537537538   11.873986873   12.302241905   12.401501896
    2.552552553   11.803585429   12.226741958   12.324818579
    2.567567568   11.733818019   12.151950234   12.248860718
    2.582582583   11.664678180   12.077859077   12.173620379
    2.597597598   11.596159496   12.004460902   12.099089703
    2.612612613   11.528255612   11.931748197   12.025260913
    2.627627628   11.460960223   11.859713523   11.952126303
    2.642642643   11.394267082   11.788349515   11.879678249
    2.657657658   11.328169995   11.717648878   11.807909202
    2.672672673   11.262662824   11.647604394   11.736811689
    2.687687688   11.197739489   11.578208915   11.666378317
    2.702702703   11.133393963   11.509455367   11.596601768
    2.717717718   11.069620275   11.441336747   11.527474799
    2.732732733   11.006412510   11.373846128   11.458990246
    2.747747748   10.943764810   11.306976651   11.391141019
    2.762762763   10.881671371   11.240721532   11.323920107
    2.777777778   10.820126446   11.175074058   11.257320570
    2.792792793   10.759124342   11.110027586   11.191335547
    2.807807808   10.698659425   11.045575547   11.125958250
    2.822822823   10.638726112   10.981711440   11.061181965
    2.837837838   10.579318878   10.918428837   10.997000053
    2.852852853   10.520432253   10.855721377   10.933405948
    2.867867868   10.462060820   10.793582772   10.870393158
    2.882882883   10.404199220   10.732006800   10.807955263
    2.897897898   10.346842144   10.670987311   10.746085914
    2.912912913   10.289984343   10.610518220   10.684778835
    2.927927928   10.233620615   10.550593514   10.624027821
    2.942942943   10.177745819   10.491207243   10.563826738
    2.957957958   10.122354861   10.432353526   10.504169520
    2.972972973   10.067442705   10.374026550   10.445050173
    2.987987988   10.013004364   10.316220565   10.386462771
    3.003003003    9.959034907   10.258929888   10.328401455
    3.018018018    9.905529452   10.202148900   10.270860437
    3.033033033    9.852483172   10.145872046   10.213833991
    3.048048048    9.799891287   10.090093837   10.157316464
    3.063063063    9.747749073   10.034808845   10.101302263
    3.078078078    9.696051854    9.980011704   10.045785865
    3.093093093    9.644795005    9.925697113    9.990761809
    3.108108108    9.593973951    9.871859830    9.936224698
    3.123123123    9.543584166    9.818494675    9.882169202
    3.138138138    9.493621173    9.765596527    9.828590049
    3.153153153    9.444080547    9.713160326    9.775482033
    3.168168168    9.394957906    9.661181071    9.722840008
    3.183183183    9.346248921    9.609653820    9.670658889
    3.198198198    9.297949307    9.558573687    9.618933652
    3.213213213    9.250054829    9.507935846    9.567659334
    3.228228228    9.202561297    9.457735527    9.516831027
    3.243243243    9.155464568    9.407968014    9.466443887
    3.258258258    9.108760544    9.358628651    9.416493124
    3.273273273    9.062445174    9.309712832    9.366974005
    3.288288288    9.016514451    9.261216010    9.317881858
    3.303303303    8.970964412    9.213133688    9.269212061
    3.318318318    8.925791141    9.165461426    9.220960053
    3.333333333    8.880990763    9.118194834    9.173121324
    3.348348348    8.836559448    9.071329575    9.125691419
    3.363363363    8.792493407    9.024861364    9.078665938
    3.378378378    8.748788896    8.978785966    9.032040533
    3.393393393    8.705442212    8.933099197    8.985810907
    3.408408408    8.662449693    8.887796924    8.939972818
    3.423423423    8.619807719    8.842875060    8.894522071
    3.438438438    8.577512711    8.798329570    8.849454525
    3.453453453    8.535561130    8.754156466    8.804766087
    3.468468468    8.493949477    8.710351807    8.760452714
    3.483483483    8.452674292    8.666911700    8.716510413
    3.498498498    8.411732156    8.623832298    8.672935236
    3.513513514    8.371119688    8.581109800    8.629723286
    3.528528529    8.330833542    8.538740450    8.586870710
    3.543543544    8.290870416    8.496720537    8.544373705
    3.558558559    8.251227040    8.455046395    8.502228511
    3.573573574    8.211900184    8.413714401    8.460431415
    3.588588589    8.172886655    8.372720977    8.418978747
    3.603603604    8.134183293    8.332062585    8.377866883
    3.618618619    8.095786978    8.291735730    8.337092243
    3.633633634    8.057694623    8.251736961    8.296651288
    3.648648649    8.019903176    8.212062866    8.256540523
    3.663663664    7.982409622    8.172710074    8.216756496
    3.678678679    7.945210977    8.133675255    8.177295795
    3.693693694    7.908304293    8.094955118    8.138155050
    3.708708709    7.871686656    8.056546411    8.099330932
    3.723723724    7.835355183    8.018445922    8.060820151
    3.738738739    7.799307026    7.980650476    8.022619456
    3.753753754    7.763539367    7.943156937    7.984725637
    3.768768769    7.728049423    7.905962204    7.947135521
    3.783783784    7.692834440    7.869063217    7.909845975
    3.798798799    7.657891696    7.832456948    7.872853901
    3.813813814    7.623218502    7.796140408    7.836156240
    3.828828829    7.588812195    7.760110643    7.799749968
    3.843843844    7.554670148    7.724364732    7.763632101
    3.858858859    7.520789759    7.688899790    7.727799685
    3.873873874    7.487168458    7.653712968    7.692249807
    3.888888889    7.453803703    7.618801449    7.656979584
    3.903903904    7.420692981    7.584162448    7.621986171
    3.918918919    7.387833810    7.549793215    7.587266755
    3.933933934    7.355223731    7.515691033    7.552818557
    3.948948949    7.322860318    7.481853214    7.518638831
    3.963963964    7.290741169    7.448277106    7.484724865
    3.978978979    7.258863910    7.414960084    7.451073977
    3.993993994    7.227226196    7.381899557    7.417683518
    4.009009009    7.195825705    7.349092963    7.384550870
    4.024024024    7.164660144    7.316537770    7.351673448
    4.039039039    7.133727243    7.284231478    7.319048694
    4.054054054    7.103024762    7.252171612    7.286674084
    4.069069069    7.072550482    7.220355731    7.254547121
    4.084084084    7.042302210    7.188781419    7.222665339
    4.099099099    7.012277780    7.157446290    7.191026301
    4.114114114    6.982475047    7.126347985    7.159627598
    4.129129129    6.952891892    7.095484173    7.128466850
    4.144144144    6.923526220    7.064852550    7.097541704
    4.159159159    6.894375959    7.034450839    7.066849836
    4.174174174    6.865439060    7.004276789    7.036388948
    4.189189189    6.836713497    6.974328177    7.006156771
    4.204204204    6.808197266    6.944602803    6.976151059
    4.219219219    6.779888387    6.915098494    6.946369596
    4.234234234    6.751784902    6.885813103    6.916810189
    4.249249249    6.723884873    6.856744506    6.887470672
    4.264264264    6.696186384    6.827890605    6.858348905
    4.279279279    6.668687543    6.799249326    6.829442771
    4.294294294    6.641386475    6.770818618    6.800750178
    4.309309309    6.614281330    6.742596454    6.772269059
    4.324324324    6.587370275    6.714580832    6.743997371
    4.339339339    6.560651499    6.686769770    6.715933095
    4.354354354    6.534123210    6.659161311    6.688074233
    4.369369369    6.507783639    6.631753520    6.660418812
    4.384384384    6.481631031    6.604544483    6.632964883
    4.399399399    6.455663657    6.577532310    6.605710516
    4.414414414    6.429879800    6.550715130    6.578653806
    4.429429429    6.404277769    6.524091095    6.551792868
    4.444444444    6.378855886    6.497658378    6.525125840
    4.459459459    6.353612493    6.471415172    6.498650881
    4.474474474    6.328545953    6.445359691    6.472366171
    4.489489489    6.303654643    6.419490170    6.446269911
    4.504504505    6.278936961    6.393804862    6.420360320
    4.519519520    6.254391319    6.368302041    6.394635642
    4.534534535    6.230016150    6.342980002    6.369094136
    4.549549550    6.205809902    6.317837055    6.343734085
    4.564564565    6.181771040    6.292871534    6.318553789
    4.579579580    6.157898047    6.268081788    6.293551567
    4.594594595    6.134189421    6.243466186    6.268725759
    4.609609610    6.110643676    6.219023116    6.244074722
    4.624624625    6.087259345    6.194750983    6.219596831
    4.639639640    6.064034974    6.170648209    6.195290482
    4.654654655    6.040969125    6.146713236    6.171154087
    4.669669670    6.018060376    6.122944521    6.147186075
    4.684684685    5.995307322    6.099340540    6.123384894
    4.699699700    5.972708571    6.075899784    6.099749010
    4.714714715    5.950262746    6.052620763    6.076276904
    4.729729730    5.927968486    6.029502002    6.052967077
    4.744744745    5.905824444    6.006542043    6.029818043
    4.759759760    5.883829288    5.983739443    6.006828335
    4.774774775    5.861981698    5.961092776    5.983996501
    4.789789790    5.840280372    5.938600631    5.961321106
    4.804804805    5.818724018    5.916261614    5.938800732
    4.819819820    5.797311361    5.894074344    5.916433973
    4.834834835    5.776041137    5.872037458    5.894219442
    4.849849850    5.754912096    5.850149604    5.872155765
    4.864864865    5.733923004    5.828409449    5.850241586
    4.879879880    5.713072635    5.806815671    5.828475560
    4.894894895    5.692359781    5.785366965    5.806856359
    4.909909910    5.671783244    5.764062039    5.785382670
    4.924924925    5.651341840    5.742899615    5.764053193
    4.939939940    5.631034395    5.721878429    5.742866644
    4.954954955    5.610859750    5.700997231    5.721821750
    4.969969970    5.590816757    5.680254784    5.700917254
    4.984984985    5.570904282    5.659649864    5.680151912
    5.000000000    5.551121199    5.639181262    5.659524495
    5.015015015    5.531466396    5.618847780    5.639033785
    5.030030030    5.511938775    5.598648233    5.618678577
    5.045045045    5.492537244    5.578581450    5.598457682
    5.060060060    5.473260728    5.558646273    5.578369922
    5.075075075    5.454108159    5.538841553    5.558414129
    5.090090090    5.435078483    5.519166157    5.538589153
    5.105105105    5.416170655    5.499618961    5.518893852
    5.120120120    5.397383641    5.480198857    5.499327097
    5.135135135    5.378716418    5.460904744    5.479887774
    5.150150150    5.360167976    5.441735536    5.460574776
    5.165165165    5.341737310    5.422690157    5.441387011
    5.180180180    5.323423431    5.403767543    5.422323398
    5.195195195    5.305225356    5.384966641    5.403382868
    5.210210210    5.287142115    5.366286409    5.384564362
    5.225225225    5.269172746    5.347725816    5.365866834
    5.240240240    5.251316297    5.329283842    5.347289246
    5.255255255    5.233571828    5.310959477    5.328830574
    5.270270270    5.215938405    5.292751723    5.310489803
    5.285285285    5.198415106    5.274659591    5.292265931
    5.300300300    5.181001018    5.256682103    5.274157962
    5.315315315    5.163695237    5.238818290    5.256164915
    5.330330330    5.146496869    5.221067196    5.238285817
    5.345345345    5.129405026    5.203427872    5.220519706
    5.360360360    5.112418833    5.185899380    5.202865629
    5.375375375    5.095537421    5.168480791    5.185322643
    5.390390390    5.078759932    5.151171186    5.167889816
    5.405405405    5.062085514    5.133969657    5.150566225
    5.420420420    5.045513327    5.116875302    5.133350957
    5.435435435    5.029042535    5.099887232    5.116243106
    5.450450450    5.012672314    5.083004563    5.099241779
    5.465465465    4.996401847    5.066226425    5.082346089
    5.480480480    4.980230325    5.049551953    5.065555160
    5.495495495    4.964156947    5.032980291    5.048868125
    5.510510511    4.948180921    5.016510595    5.032284125
    5.525525526    4.932301461    5.000142025    5.015802310
    5.540540541    4.916517791    4.983873754    4.999421839
    5.555555556    4.900829140    4.967704959    4.983141878
    5.570570571    4.885234748    4.951634830    4.966961605
    5.585585586    4.869733859    4.935662560    4.950880203
    5.600600601    4.854325727    4.919787356    4.934896865
    5.615615616    4.839009613    4.904008427    4.919010791
    5.630630631    4.823784783    4.888324995    4.903221189
    5.645645646    4.808650513    4.872736286    4.887527277
    5.660660661    4.793606085    4.857241536    4.871928279
    5.675675676    4.778650789    4.841839987    4.856423426
    5.690690691    4.763783919    4.826530892    4.841011961
    5.705705706    4.749004778    4.811313506    4.825693128
    5.720720721    4.734312678    4.796187097    4.810466185
    5.735735736    4.719706932    4.781150936    4.795330393
    5.750750751    4.705186866    4.766204303    4.780285022
    5.765765766    4.690751807    4.751346486    4.765329350
    5.780780781    4.676401092    4.736576778    4.750462660
    5.795795796    4.662134064    4.721894480    4.735684244
    5.810810811    4.647950071    4.707298900    4.720993401
    5.825825826    4.633848469    4.692789354    4.706389435
    5.840840841    4.619828617    4.678365161    4.691871659
    5.855855856    4.605889884    4.664025651    4.677439392
    5.870870871    4.592031643    4.649770157    4.663091959
    5.885885886    4.578253274    4.635598022    4.648828693
    5.900900901    4.564554161    4.621508591    4.634648932
    5.915915916    4.550933696    4.607501221    4.620552021
    5.930930931    4.537391276    4.593575269    4.606537312
    5.945945946    4.523926303    4.579730103    4.592604163
    5.960960961    4.510538185    4.565965096    4.578751939
    5.975975976    4.497226338    4.552279624    4.564980008
    5.990990991    4.483990179    4.538673075    4.551287748
    6.006006006    4.470829134    4.525144836    4.537674541
    6.021021021    4.457742634    4.511694306    4.524139776
    6.036036036    4.444730113    4.498320885    4.510682846
    6.051051051    4.431791014    4.485023982    4.497303152
    6.066066066    4.418924781    4.471803010    4.484000099
    6.081081081    4.406130868    4.458657388    4.470773100
    6.096096096    4.393408729    4.445586541    4.457621570
    6.111111111    4.380757828    4.432589898    4.444544934
    6.126126126    4.368177629    4.419666896    4.431542619
    6.141141141    4.355667606    4.406816975    4.418614059
    6.156156156    4.343227234    4.394039581    4.405758692
    6.171171171    4.330855996    4.381334165    4.392975964
    6.186186186    4.318553376    4.368700184    4.380265323
    6.201201201    4.306318866    4.356137100    4.367626226
    6.216216216    4.294151961    4.343644379    4.355058130
    6.231231231    4.282052162    4.331221493    4.342560503
    6.246246246    4.270018974    4.318867918    4.330132812
    6.261261261    4.258051905    4.306583136    4.317774535
    6.276276276    4.246150470    4.294366634    4.305485150
    6.291291291    4.234314187    4.282217901    4.293264143
    6.306306306    4.222542578    4.270136435    4.281111003
    6.321321321    4.210835171    4.258121736    4.269025224
    6.336336336    4.199191498    4.246173309    4.257006306
    6.351351351    4.187611093    4.234290663    4.245053752
    6.366366366    4.176093496    4.222473314    4.233167071
    6.381381381    4.164638252    4.210720779    4.221345776
    6.396396396    4.153244908    4.199032582    4.209589383
    6.411411411    4.141913017    4.187408250    4.197897414
    6.426426426    4.130642135    4.175847316    4.186269397
    6.441441441    4.119431823    4.164349315    4.174704861
    6.456456456    4.108281643    4.152913788    4.163203342
    6.471471471    4.097191165    4.141540279    4.151764378
    6.486486486    4.086159960    4.130228338    4.140387514
    6.501501502    4.075187605    4.118977517    4.129072295
    6.516516517    4.064273678    4.107787372    4.117818275
    6.531531532    4.053417763    4.096657466    4.106625009
    6.546546547    4.042619447    4.085587362    4.095492056
    6.561561562    4.031878320    4.074576630    4.084418980
    6.576576577    4.021193978    4.063624843    4.073405350
    6.591591592    4.010566017    4.052731576    4.062450736
    6.606606607    3.999994039    4.041896410    4.051554715
    6.621621622    3.989477650    4.031118930    4.040716865
    6.636636637    3.979016457    4.020398723    4.029936769
    6.651651652    3.968610073    4.009735381    4.019214015
    6.666666667    3.958258112    3.999128499    4.008548193
    6.681681682    3.947960194    3.988577675    3.997938896
    6.696696697    3.937715941    3.978082513    3.987385724
    6.711711712    3.927524977    3.967642618    3.976888277
    6.726726727    3.917386931    3.957257599    3.966446160
    6.741741742    3.907301435    3.946927069    3.956058981
    6.756756757    3.897268125    3.936650644    3.945726353
    6.771771772    3.887286637    3.926427945    3.935447891
    6.786786787    3.877356615    3.916258594    3.925223213
    6.801801802    3.867477701    3.906142217    3.915051942
    6.816816817    3.857649543    3.896078444    3.904933703
    6.831831832    3.847871793    3.886066908    3.894868125
    6.846846847    3.838144102    3.876107244    3.884854839
    6.861861862    3.828466129    3.866199093    3.874893482
    6.876876877    3.818837532    3.856342096    3.864983691
    6.891891892    3.809257974    3.846535899    3.855125108
    6.906906907    3.799727120    3.836780150    3.845317377
    6.921921922    3.790244638    3.827074502    3.835560147
    6.936936937    3.780810198    3.817418608    3.825853068
    6.951951952    3.771423476    3.807812126    3.816195794
    6.966966967    3.762084147    3.798254717    3.806587982
    6.981981982    3.752791890    3.788746044    3.797029292
    6.996996997    3.743546388    3.779285774    3.787519386
    7.012012012    3.734347325    3.769873575    3.778057930
    7.027027027    3.725194389    3.760509121    3.768644593
    7.042042042    3.716087268    3.751192085    3.759279046
    7.057057057    3.707025657    3.741922146    3.749960963
    7.072072072    3.698009250    3.732698983    3.740690021
    7.087087087    3.689037745    3.723522281    3.731465900
    7.102102102    3.680110842    3.714391724    3.722288283
    7.117117117    3.671228244    3.705307002    3.713156854
    7.132132132    3.662389656    3.696267804    3.704071301
    7.147147147    3.653594785    3.687273826    3.695031315
    7.162162162    3.644843343    3.678324764    3.686036590
    7.177177177    3.636135040    3.669420315    3.677086820
    7.192192192    3.627469593    3.660560183    3.668181704
    7.207207207    3.618846719    3.651744070    3.659320943
    7.222222222    3.610266137    3.642971683    3.650504240
    7.237237237    3.601727568    3.634242731    3.641731301
    7.252252252    3.593230738    3.625556925    3.633001834
    7.267267267    3.584775373    3.616913979    3.624315550
    7.282282282    3.576361201    3.608313609    3.615672162
    7.297297297    3.567987954    3.599755533    3.607071387
    7.312312312    3.559655364    3.591239473    3.598512940
    7.327327327    3.551363167    3.582765151    3.589996544
    7.342342342    3.543111101    3.574332292    3.581521920
    7.357357357    3.534898905    3.565940625    3.573088794
    7.372372372    3.526726320    3.557589879    3.564696892
    7.387387387    3.518593091    3.549279787    3.556345944
    7.402402402    3.510498964    3.541010083    3.548035682
    7.417417417    3.502443686    3.532780502    3.539765839
    7.432432432    3.494427008    3.524590785    3.531536152
    7.447447447    3.486448681    3.516440672    3.523346359
    7.462462462    3.478508461    3.508329905    3.515196200
    7.477477477    3.470606101    3.500258230    3.507085417
    7.492492492    3.462741362    3.492225394    3.499013755
    7.507507508    3.454914002    3.484231146    3.490980962
    7.522522523    3.447123784    3.476275237    3.482986785
    7.537537538    3.439370470    3.468357420    3.475030975
    7.552552553    3.431653828    3.460477452    3.467113285
    7.567567568    3.423973624    3.452635088    3.459233471
    7.582582583    3.416329627    3.444830088    3.451391288
    7.597597598    3.408721610    3.437062213    3.443586496
    7.612612613    3.401149344    3.429331227    3.435818855
    7.627627628    3.393612605    3.421636893    3.428088127
    7.642642643    3.386111169    3.413978979    3.420394078
    7.657657658    3.378644815    3.406357254    3.412736474
    7.672672673    3.371213323    3.398771488    3.405115083
    7.687687688    3.363816474    3.391221453    3.397529675
    7.702702703    3.356454052    3.383706923    3.389980022
    7.717717718    3.349125842    3.376227675    3.382465898
    7.732732733    3.341831631    3.368783486    3.374987079
    7.747747748    3.334571209    3.361374136    3.367543341
    7.762762763    3.327344364    3.353999406    3.360134465
    7.777777778    3.320150889    3.346659078    3.352760230
    7.792792793    3.312990578    3.339352938    3.345420421
    7.807807808    3.305863225    3.332080772    3.338114820
    7.822822823    3.298768627    3.324842368    3.330843214
    7.837837838    3.291706582    3.317637515    3.323605390
    7.852852853    3.284676891    3.310466006    3.316401139
    7.867867868    3.277679355    3.303327632    3.309230251
    7.882882883    3.270713776    3.296222189    3.302092519
    7.897897898    3.263779959    3.289149472    3.294987737
    7.912912913    3.256877709    3.282109281    3.287915700
    7.927927928    3.250006835    3.275101413    3.280876208
    7.942942943    3.243167146    3.268125670    3.273869058
    7.957957958    3.236358450    3.261181854    3.266894051
    7.972972973    3.229580562    3.254269770    3.259950989
    7.987987988    3.222833292    3.247389223    3.253039677
    8.003003003    3.216116457    3.240540019    3.246159919
    8.018018018    3.209429872    3.233721968    3.239311522
    8.033033033    3.202773356    3.226934879    3.232494294
    8.048048048    3.196146725    3.220178564    3.225708046
    8.063063063    3.189549802    3.213452835    3.218952588
    8.078078078    3.182982407    3.206757507    3.212227732
    8.093093093    3.176444363    3.200092396    3.205533293
    8.108108108    3.169935495    3.193457319    3.198869087
    8.123123123    3.163455629    3.186852094    3.192234930
    8.138138138    3.157004590    3.180276541    3.185630640
    8.153153153    3.150582208    3.173730482    3.179056037
    8.168168168    3.144188312    3.167213739    3.172510943
    8.183183183    3.137822732    3.160726135    3.165995179
    8.198198198    3.131485301    3.154267497    3.159508570
    8.213213213    3.125175852    3.147837651    3.153050940
    8.228228228    3.118894219    3.141436425    3.146622115
    8.243243243    3.112640238    3.135063648    3.140221925
    8.258258258    3.106413747    3.128719151    3.133850196
    8.273273273    3.100214583    3.122402765    3.127506761
    8.288288288    3.094042586    3.116114323    3.121191449
    8.303303303    3.087897595    3.109853660    3.114904095
    8.318318318    3.081779454    3.103620612    3.108644532
    8.333333333    3.075688005    3.097415014    3.102412596
    8.348348348    3.069623092    3.091236705    3.096208123
    8.363363363    3.063584561    3.085085524    3.090030950
    8.378378378    3.057572256    3.078961312    3.083880918
    8.393393393    3.051586027    3.072863909    3.077757865
    8.408408408    3.045625722    3.066793159    3.071661634
    8.423423423    3.039691189    3.060748906    3.065592066
    8.438438438    3.033782281    3.054730995    3.059549006
    8.453453453    3.027898849    3.048739271    3.053532299
    8.468468468    3.022040746    3.042773582    3.047541789
    8.483483483    3.016207826    3.036833776    3.041577326
    8.498498498    3.010399943    3.030919704    3.035638756
    8.513513514    3.004616955    3.025031215    3.029725929
    8.528528529    2.998858719    3.019168162    3.023838695
    8.543543544    2.993125092    3.013330396    3.017976907
    8.558558559    2.987415933    3.007517773    3.012140416
    8.573573574    2.981731104    3.001730147    3.006329077
    8.588588589    2.976070465    2.995967373    3.000542744
    8.603603604    2.970433878    2.990229310    2.994781273
    8.618618619    2.964821207    2.984515815    2.989044522
    8.633633634    2.959232316    2.978826746    2.983332347
    8.648648649    2.953667070    2.973161966    2.977644607
    8.663663664    2.948125336    2.967521333    2.971981164
    8.678678679    2.942606979    2.961904711    2.966341877
    8.693693694    2.937111869    2.956311963    2.960726609
    8.708708709    2.931639874    2.950742953    2.955135223
    8.723723724    2.926190865    2.945197545    2.949567583
    8.738738739    2.920764711    2.939675606    2.944023553
    8.753753754    2.915361285    2.934177003    2.938502999
    8.768768769    2.909980460    2.928701604    2.933005789
    8.783783784    2.904622108    2.923249278    2.927531790
    8.798798799    2.899286105    2.917819894    2.922080871
    8.813813814    2.893972326    2.912413324    2.916652902
    8.828828829    2.888680646    2.907029438    2.911247753
    8.843843844    2.883410943    2.901668110    2.905865296
    8.858858859    2.878163095    2.896329213    2.900505402
    8.873873874    2.872936981    2.891012622    2.895167947
    8.888888889    2.867732480    2.885718211    2.889852803
    8.903903904    2.862549472    2.880445857    2.884559847
    8.918918919    2.857387839    2.875195436    2.879288953
    8.933933934    2.852247464    2.869966827    2.874039999
    8.948948949    2.847128228    2.864759909    2.868812862
    8.963963964    2.842030016    2.859574560    2.863607422
    8.978978979    2.836952713    2.854410662    2.858423558
    8.993993994    2.831896203    2.849268095    2.853261149
    9.009009009    2.826860372    2.844146742    2.848120078
    9.024024024    2.821845109    2.839046486    2.843000225
    9.039039039    2.816850299    2.833967210    2.837901475
    9.054054054    2.811875833    2.828908799    2.832823710
    9.069069069    2.806921598    2.823871137    2.827766815
    9.084084084    2.801987486    2.818854113    2.822730675
    9.099099099    2.797073386    2.813857611    2.817715176
    9.114114114    2.792179190    2.808881520    2.812720205
    9.129129129    2.787304792    2.803925728    2.807745649
    9.144144144    2.782450082    2.798990125    2.802791397
    9.159159159    2.777614956    2.794074600    2.797857338
    9.174174174    2.772799307    2.789179044    2.792943362
    9.189189189    2.768003031    2.784303350    2.788049360
    9.204204204    2.763226023    2.779447408    2.783175222
    9.219219219    2.758468181    2.774611112    2.778320842
    9.234234234    2.753729401    2.769794355    2.773486111
    9.249249249    2.749009581    2.764997033    2.768670924
    9.264264264    2.744308620    2.760219040    2.763875175
    9.279279279    2.739626417    2.755460271    2.759098759
    9.294294294    2.734962873    2.750720625    2.754341571
    9.309309309    2.730317887    2.745999997    2.749603508
    9.324324324    2.725691362    2.741298286    2.744884468
    9.339339339    2.721083198    2.736615390    2.740184348
    9.354354354    2.716493300    2.731951210    2.735503046
    9.369369369    2.711921569    2.727305644    2.730840463
    9.384384384    2.707367911    2.722678593    2.726196498
    9.399399399    2.702832229    2.718069959    2.721571051
    9.414414414    2.698314429    2.713479644    2.716964023
    9.429429429    2.693814416    2.708907551    2.712375318
    9.444444444    2.689332098    2.704353582    2.707804837
    9.459459459    2.684867380    2.699817642    2.703252483
    9.474474474    2.680420172    2.695299635    2.698718161
    9.489489489    2.675990380    2.690799467    2.694201774
    9.504504505    2.671577915    2.686317043    2.689703229
    9.519519520    2.667182685    2.681852270    2.685222431
    9.534534535    2.662804601    2.677405056    2.680759286
    9.549549550    2.658443573    2.672975307    2.676313701
    9.564564565    2.654099513    2.668562932    2.671885585
    9.579579580    2.649772332    2.664167840    2.667474845
    9.594594595    2.645461943    2.659789941    2.663081390
    9.609609610    2.641168259    2.655429144    2.658705129
    9.624624625    2.636891194    2.651085361    2.654345973
    9.639639640    2.632630661    2.646758503    2.650003833
    9.654654655    2.628386575    2.642448482    2.645678620
    9.669669670    2.624158852    2.638155209    2.641370244
    9.684684685    2.619947407    2.633878599    2.637078620
    9.699699700    2.615752156    2.629618565    2.632803660
    9.714714715    2.611573017    2.625375021    2.628545277
    9.729729730    2.607409907    2.621147881    2.624303386
    9.744744745    2.603262744    2.616937062    2.620077901
    9.759759760    2.599131447    2.612742478    2.615868737
    9.774774775    2.595015933    2.608564047    2.611675811
    9.789789790    2.590916124    2.604401685    2.607499038
    9.804804805    2.586831938    2.600255310    2.603338336
    9.819819820    2.582763297    2.596124840    2.599193622
    9.834834835    2.578710121    2.592010192    2.595064814
    9.849849850    2.574672333    2.587911287    2.590951830
    9.864864865    2.570649853    2.583828044    2.586854589
    9.879879880    2.566642605    2.579760383    2.582773012
    9.894894895    2.562650512    2.575708225    2.578707017
    9.909909910    2.558673497    2.571671490    2.574656526
    9.924924925    2.554711485    2.567650100    2.570621459
    9.939939940    2.550764399    2.563643978    2.566601739
    9.954954955    2.546832165    2.559653047    2.562597286
    9.969969970    2.542914708    2.555677228    2.558608025
    9.984984985    2.539011955    2.551716446    2.554633877
   10.000000000    2.535123831    2.547770625    2.550674767
   10.015015015    2.531250263    2.543839690    2.546730618
   10.030030030    2.527391179    2.539923565    2.542801355
   10.045045045    2.523546507    2.536022176    2.538886904
   10.060060060    2.519716175    2.532135449    2.534987188
   10.075075075    2.515900110    2.528263311    2.531102136
   10.090090090    2.512098244    2.524405688    2.527231672
   10.105105105    2.508310504    2.520562508    2.523375723
   10.120120120    2.504536822    2.516733699    2.519534218
   10.135135135    2.500777127    2.512919189    2.515707084
   10.150150150    2.497031351    2.509118906    2.511894249
   10.165165165    2.493299424    2.505332781    2.508095642
   10.180180180    2.489581279    2.501560742    2.504311192
   10.195195195    2.485876847    2.497802719    2.500540828
   10.210210210    2.482186062    2.494058644    2.496784482
   10.225225225    2.478508855    2.490328447    2.493042082
   10.240240240    2.474845162    2.486612060    2.489313561
   10.255255255    2.471194914    2.482909414    2.485598848
   10.270270270    2.467558047    2.479220441    2.481897878
   10.285285285    2.463934496    2.475545075    2.478210580
   10.300300300    2.460324195    2.471883248    2.474536888
   10.315315315    2.456727079    2.468234894    2.470876736
   10.330330330    2.453143085    2.464599946    2.467230056
   10.345345345    2.449572149    2.460978339    2.463596782
   10.360360360    2.446014207    2.457370008    2.459976849
   10.375375375    2.442469196    2.453774888    2.456370191
   10.390390390    2.438937054    2.450192914    2.452776744
   10.405405405    2.435417719    2.446624022    2.449196442
   10.420420420    2.431911128    2.443068149    2.445629222
   10.435435435    2.428417220    2.439525231    2.442075020
   10.450450450    2.424935934    2.435995205    2.438533773
   10.465465465    2.421467210    2.432478008    2.435005417
   10.480480480    2.418010986    2.428973580    2.431489890
   10.495495495    2.414567203    2.425481857    2.427987130
   10.510510511    2.411135801    2.422002778    2.424497076
   10.525525526    2.407716721    2.418536283    2.421019665
   10.540540541    2.404309905    2.415082310    2.417554836
   10.555555556    2.400915292    2.411640800    2.414102530
   10.570570571    2.397532826    2.408211692    2.410662685
   10.585585586    2.394162448    2.404794927    2.407235241
   10.600600601    2.390804100    2.401390445    2.403820140
   10.615615616    2.387457726    2.397998189    2.400417321
   10.630630631    2.384123269    2.394618098    2.397026727
   10.645645646    2.380800672    2.391250116    2.393648297
   10.660660661    2.377489879    2.387894184    2.390281975
   10.675675676    2.374190834    2.384550245    2.386927702
   10.690690691    2.370903482    2.381218242    2.383585421
   10.705705706    2.367627767    2.377898118    2.380255075
   10.720720721    2.364363635    2.374589817    2.376936607
   10.735735736    2.361111031    2.371293282    2.373629961
   10.750750751    2.357869901    2.368008458    2.370335080
   10.765765766    2.354640191    2.364735289    2.367051908
   10.780780781    2.351421848    2.361473720    2.363780391
   10.795795796    2.348214817    2.358223697    2.360520473
   10.810810811    2.345019047    2.354985165    2.357272099
   10.825825826    2.341834485    2.351758070    2.354035215
   10.840840841    2.338661077    2.348542359    2.350809767
   10.855855856    2.335498774    2.345337976    2.347595701
   10.870870871    2.332347521    2.342144871    2.344392963
   10.885885886    2.329207269    2.338962989    2.341201500
   10.900900901    2.326077966    2.335792278    2.338021260
   10.915915916    2.322959562    2.332632686    2.334852189
   10.930930931    2.319852005    2.329484161    2.331694236
   10.945945946    2.316755246    2.326346651    2.328547349
   10.960960961    2.313669234    2.323220106    2.325411475
   10.975975976    2.310593920    2.320104473    2.322286564
   10.990990991    2.307529256    2.316999703    2.319172565
   11.006006006    2.304475190    2.313905744    2.316069427
   11.021021021    2.301431676    2.310822548    2.312977099
   11.036036036    2.298398664    2.307750063    2.309895531
   11.051051051    2.295376106    2.304688241    2.306824674
   11.066066066    2.292363954    2.301637032    2.303764478
   11.081081081    2.289362161    2.298596387    2.300714893
   11.096096096    2.286370679    2.295566257    2.297675871
   11.111111111    2.283389461    2.292546595    2.294647362
   11.126126126    2.280418460    2.289537351    2.291629320
   11.141141141    2.277457630    2.286538479    2.288621694
   11.156156156    2.274506924    2.283549930    2.285624438
   11.171171171    2.271566297    2.280571657    2.282637504
   11.186186186    2.268635702    2.277603614    2.279660844
   11.201201201    2.265715094    2.274645753    2.276694412
   11.216216216    2.262804427    2.271698028    2.273738161
   11.231231231    2.259903658    2.268760393    2.270792044
   11.246246246    2.257012740    2.265832801    2.267856015
   11.261261261    2.254131630    2.262915208    2.264930029
   11.276276276    2.251260283    2.260007567    2.262014038
   11.291291291    2.248398656    2.257109834    2.259107998
   11.306306306    2.245546703    2.254221963    2.256211864
   11.321321321    2.242704383    2.251343910    2.253325591
   11.336336336    2.239871652    2.248475631    2.250449134
   11.351351351    2.237048466    2.245617081    2.247582449
   11.366366366    2.234234784    2.242768217    2.244725491
   11.381381381    2.231430561    2.239928994    2.241878217
   11.396396396    2.228635757    2.237099370    2.239040583
   11.411411411    2.225850330    2.234279301    2.236212545
   11.426426426    2.223074236    2.231468745    2.233394061
   11.441441441    2.220307435    2.228667658    2.230585087
   11.456456456    2.217549886    2.225875998    2.227785581
   11.471471471    2.214801547    2.223093723    2.224995501
   11.486486486    2.212062377    2.220320791    2.222214803
   11.501501502    2.209332337    2.217557161    2.219443446
   11.516516517    2.206611384    2.214802790    2.216681389
   11.531531532    2.203899479    2.212057638    2.213928590
   11.546546547    2.201196583    2.209321664    2.211185007
   11.561561562    2.198502655    2.206594826    2.208450600
   11.576576577    2.195817656    2.203877085    2.205725328
   11.591591592    2.193141547    2.201168399    2.203009149
   11.606606607    2.190474287    2.198468729    2.200302025
   11.621621622    2.187815840    2.195778035    2.197603914
   11.636636637    2.185166165    2.193096277    2.194914777
   11.651651652    2.182525224    2.190423416    2.192234575
   11.666666667    2.179892980    2.187759412    2.189563267
   11.681681682    2.177269394    2.185104227    2.186900814
   11.696696697    2.174654428    2.182457821    2.184247178
   11.711711712    2.172048044    2.179820156    2.181602319
   11.726726727    2.169450206    2.177191194    2.178966199
   11.741741742    2.166860876    2.174570896    2.176338780
   11.756756757    2.164280016    2.171959225    2.173720023
   11.771771772    2.161707591    2.169356143    2.171109890
   11.786786787    2.159143564    2.166761612    2.168508345
   11.801801802    2.156587897    2.164175595    2.165915348
   11.816816817    2.154040556    2.161598055    2.163330863
   11.831831832    2.151501504    2.159028954    2.160754853
   11.846846847    2.148970704    2.156468257    2.158187281
   11.861861862    2.146448122    2.153915926    2.155628109
   11.876876877    2.143933722    2.151371926    2.153077302
   11.891891892    2.141427469    2.148836219    2.150534823
   11.906906907    2.138929328    2.146308771    2.148000637
   11.921921922    2.136439264    2.143789546    2.145474706
   11.936936937    2.133957242    2.141278507    2.142956995
   11.951951952    2.131483227    2.138775620    2.140447469
   11.966966967    2.129017186    2.136280850    2.137946093
   11.981981982    2.126559084    2.133794161    2.135452831
   11.996996997    2.124108888    2.131315518    2.132967648
   12.012012012    2.121666564    2.128844888    2.130490510
   12.027027027    2.119232077    2.126382236    2.128021381
   12.042042042    2.116805395    2.123927527    2.125560228
   12.057057057    2.114386485    2.121480727    2.123107017
   12.072072072    2.111975312    2.119041803    2.120661712
   12.087087087    2.109571846    2.116610721    2.118224281
   12.102102102    2.107176052    2.114187447    2.115794690
   12.117117117    2.104787899    2.111771949    2.113372904
   12.132132132    2.102407354    2.109364192    2.110958892
   12.147147147    2.100034384    2.106964145    2.108552619
   12.162162162    2.097668959    2.104571773    2.106154053
   12.177177177    2.095311045    2.102187046    2.103763161
   12.192192192    2.092960612    2.099809930    2.101379911
   12.207207207    2.090617628    2.097440392    2.099004269
   12.222222222    2.088282061    2.095078402    2.096636204
   12.237237237    2.085953881    2.092723926    2.094275684
   12.252252252    2.083633056    2.090376934    2.091922676
   12.267267267    2.081319555    2.088037393    2.089577149
   12.282282282    2.079013349    2.085705273    2.087239072
   12.297297297    2.076714405    2.083380541    2.084908412
   12.312312312    2.074422695    2.081063167    2.082585140
   12.327327327    2.072138188    2.078753121    2.080269222
   12.342342342    2.069860853    2.076450370    2.077960630
   12.357357357    2.067590661    2.074154886    2.075659331
   12.372372372    2.065327583    2.071866636    2.073365295
   12.387387387    2.063071588    2.069585591    2.071078493
   12.402402402    2.060822647    2.067311721    2.068798893
   12.417417417    2.058580732    2.065044996    2.066526465
   12.432432432    2.056345812    2.062785386    2.064261180
   12.447447447    2.054117859    2.060532862    2.062003008
   12.462462462    2.051896844    2.058287393    2.059751919
   12.477477477    2.049682738    2.056048951    2.057507883
   12.492492492    2.047475513    2.053817506    2.055270872
   12.507507508    2.045275141    2.051593029    2.053040855
   12.522522523    2.043081593    2.049375493    2.050817805
   12.537537538    2.040894842    2.047164866    2.048601691
   12.552552553    2.038714859    2.044961122    2.046392487
   12.567567568    2.036541616    2.042764232    2.044190162
   12.582582583    2.034375086    2.040574167    2.041994688
   12.597597598    2.032215242    2.038390900    2.039806037
   12.612612613    2.030062055    2.036214402    2.037624182
   12.627627628    2.027915500    2.034044645    2.035449093
   12.642642643    2.025775548    2.031881602    2.033280743
   12.657657658    2.023642173    2.029725245    2.031119105
   12.672672673    2.021515348    2.027575547    2.028964151
   12.687687688    2.019395047    2.025432481    2.026815853
   12.702702703    2.017281242    2.023296019    2.024674184
   12.717717718    2.015173908    2.021166134    2.022539117
   12.732732733    2.013073018    2.019042799    2.020410625
   12.747747748    2.010978546    2.016925989    2.018288681
   12.762762763    2.008890466    2.014815675    2.016173259
   12.777777778    2.006808752    2.012711833    2.014064331
   12.792792793    2.004733378    2.010614435    2.011961872
   12.807807808    2.002664320    2.008523454    2.009865854
   12.822822823    2.000601551    2.006438867    2.007776253
   12.837837838    1.998545046    2.004360645    2.005693041
   12.852852853    1.996494779    2.002288764    2.003616193
   12.867867868    1.994450727    2.000223197    2.001545683
   12.882882883    1.992412863    1.998163920    1.999481486
   12.897897898    1.990381163    1.996110907    1.997423576
   12.912912913    1.988355603    1.994064132    1.995371927
   12.927927928    1.986336157    1.992023571    1.993326514
   12.942942943    1.984322801    1.989989198    1.991287312
   12.957957958    1.982315511    1.987960989    1.989254296
   12.972972973    1.980314263    1.985938918    1.987227442
   12.987987988    1.978319033    1.983922962    1.985206724
   13.003003003    1.976329795    1.981913095    1.983192117
   13.018018018    1.974346528    1.979909294    1.981183598
   13.033033033    1.972369206    1.977911533    1.979181142
   13.048048048    1.970397807    1.975919790    1.977184724
   13.063063063    1.968432307    1.973934039    1.975194321
   13.078078078    1.966472682    1.971954257    1.973209908
   13.093093093    1.964518909    1.969980420    1.971231461
   13.108108108    1.962570966    1.968012504    1.969258958
   13.123123123    1.960628828    1.966050487    1.967292373
   13.138138138    1.958692473    1.964094343    1.965331684
   13.153153153    1.956761878    1.962144051    1.963376867
   13.168168168    1.954837021    1.960199587    1.961427898
   13.183183183    1.952917879    1.958260928    1.959484755
   13.198198198    1.951004430    1.956328051    1.957547415
   13.213213213    1.949096650    1.954400932    1.955615854
   13.228228228    1.947194519    1.952479550    1.953690050
   13.243243243    1.945298013    1.950563881    1.951769979
   13.258258258    1.943407110    1.948653904    1.949855620
   13.273273273    1.941521790    1.946749595    1.947946950
   13.288288288    1.939642029    1.944850933    1.946043945
   13.303303303    1.937767806    1.942957895    1.944146585
   13.318318318    1.935899100    1.941070459    1.942254847
   13.333333333    1.934035889    1.939188603    1.940368708
   13.348348348    1.932178152    1.937312305    1.938488147
   13.363363363    1.930325867    1.935441544    1.936613142
   13.378378378    1.928479013    1.933576298    1.934743671
   13.393393393    1.926637569    1.931716545    1.932879713
   13.408408408    1.924801514    1.929862264    1.931021246
   13.423423423    1.922970828    1.928013433    1.929168248
   13.438438438    1.921145488    1.926170032    1.927320698
   13.453453453    1.919325476    1.924332039    1.925478575
   13.468468468    1.917510770    1.922499433    1.923641858
   13.483483483    1.915701349    1.920672194    1.921810526
   13.498498498    1.913897193    1.918850299    1.919984558
   13.513513514    1.912098283    1.917033730    1.918163933
   13.528528529    1.910304597    1.915222465    1.916348630
   13.543543544    1.908516116    1.913416483    1.914538629
   13.558558559    1.906732820    1.911615764    1.912733909
   13.573573574    1.904954688    1.909820288    1.910934450
   13.588588589    1.903181702    1.908030035    1.909140231
   13.603603604    1.901413841    1.906244984    1.907351232
   13.618618619    1.899651085    1.904465116    1.905567434
   13.633633634    1.897893415    1.902690410    1.903788816
   13.648648649    1.896140813    1.900920847    1.902015357
   13.663663664    1.894393257    1.899156406    1.900247040
   13.678678679    1.892650730    1.897397069    1.898483842
   13.693693694    1.890913212    1.895642816    1.896725746
   13.708708709    1.889180683    1.893893627    1.894972731
   13.723723724    1.887453126    1.892149483    1.893224778
   13.738738739    1.885730520    1.890410365    1.891481868
   13.753753754    1.884012848    1.888676253    1.889743980
   13.768768769    1.882300091    1.886947128    1.888011097
   13.783783784    1.880592229    1.885222972    1.886283199
   13.798798799    1.878889245    1.883503765    1.884560267
   13.813813814    1.877191120    1.881789488    1.882842282
   13.828828829    1.875497835    1.880080124    1.881129226
   13.843843844    1.873809373    1.878375653    1.879421079
   13.858858859    1.872125715    1.876676057    1.877717823
   13.873873874    1.870446843    1.874981317    1.876019439
   13.888888889    1.868772740    1.873291414    1.874325909
   13.903903904    1.867103386    1.871606332    1.872637215
   13.918918919    1.865438765    1.869926050    1.870953338
   13.933933934    1.863778858    1.868250552    1.869274260
   13.948948949    1.862123649    1.866579820    1.867599963
   13.963963964    1.860473118    1.864913834    1.865930429
   13.978978979    1.858827250    1.863252578    1.864265640
   13.993993994    1.857186026    1.861596033    1.862605578
   14.009009009    1.855549429    1.859944183    1.860950225
   14.024024024    1.853917441    1.858297009    1.859299564
   14.039039039    1.852290047    1.856654493    1.857653577
   14.054054054    1.850667227    1.855016619    1.856012247
   14.069069069    1.849048967    1.853383369    1.854375555
   14.084084084    1.847435248    1.851754726    1.852743486
   14.099099099    1.845826053    1.850130672    1.851116020
   14.114114114    1.844221367    1.848511191    1.849493142
   14.129129129    1.842621172    1.846896265    1.847874835
   14.144144144    1.841025451    1.845285877    1.846261080
   14.159159159    1.839434188    1.843680011    1.844651861
   14.174174174    1.837847367    1.842078649    1.843047161
   14.189189189    1.836264971    1.840481776    1.841446964
   14.204204204    1.834686983    1.838889373    1.839851253
   14.219219219    1.833113389    1.837301426    1.838260010
   14.234234234    1.831544170    1.835717917    1.836673220
   14.249249249    1.829979312    1.834138829    1.835090866
   14.264264264    1.828418798    1.832564147    1.833512932
   14.279279279    1.826862613    1.830993854    1.831939400
   14.294294294    1.825310740    1.829427934    1.830370256
   14.309309309    1.823763163    1.827866371    1.828805483
   14.324324324    1.822219867    1.826309149    1.827245064
   14.339339339    1.820680837    1.824756252    1.825688983
   14.354354354    1.819146056    1.823207664    1.824137226
   14.369369369    1.817615509    1.821663369    1.822589775
   14.384384384    1.816089181    1.820123351    1.821046615
   14.399399399    1.814567056    1.818587595    1.819507730
   14.414414414    1.813049119    1.817056085    1.817973104
   14.429429429    1.811535355    1.815528805    1.816442723
   14.444444444    1.810025749    1.814005741    1.814916569
   14.459459459    1.808520284    1.812486877    1.813394629
   14.474474474    1.807018948    1.810972196    1.811876886
   14.489489489    1.805521723    1.809461685    1.810363326
   14.504504505    1.804028596    1.807955328    1.808853932
   14.519519520    1.802539552    1.806453110    1.807348690
   14.534534535    1.801054576    1.804955015    1.805847584
   14.549549550    1.799573653    1.803461029    1.804350600
   14.564564565    1.798096769    1.801971138    1.802857723
   14.579579580    1.796623909    1.800485325    1.801368937
   14.594594595    1.795155058    1.799003576    1.799884228
   14.609609610    1.793690202    1.797525877    1.798403582
   14.624624625    1.792229328    1.796052213    1.796926982
   14.639639640    1.790772419    1.794582569    1.795454416
   14.654654655    1.789319463    1.793116931    1.793985867
   14.669669670    1.787870445    1.791655284    1.792521322
   14.684684685    1.786425351    1.790197615    1.791060766
   14.699699700    1.784984166    1.788743908    1.789604185
   14.714714715    1.783546878    1.787294149    1.788151565
   14.729729730    1.782113471    1.785848325    1.786702891
   14.744744745    1.780683933    1.784406420    1.785258149
   14.759759760    1.779258249    1.782968422    1.783817324
   14.774774775    1.777836405    1.781534316    1.782380404
   14.789789790    1.776418389    1.780104088    1.780947374
   14.804804805    1.775004185    1.778677724    1.779518219
   14.819819820    1.773593781    1.777255210    1.778092927
   14.834834835    1.772187164    1.775836533    1.776671483
   14.849849850    1.770784319    1.774421679    1.775253873
   14.864864865    1.769385234    1.773010635    1.773840084
   14.879879880    1.767989894    1.771603386    1.772430103
   14.894894895    1.766598288    1.770199920    1.771023915
   14.909909910    1.765210401    1.768800222    1.769621507
   14.924924925    1.763826221    1.767404280    1.768222866
   14.939939940    1.762445733    1.766012080    1.766827978
   14.954954955    1.761068927    1.764623609    1.765436830
   14.969969970    1.759695787    1.763238853    1.764049409
   14.984984985    1.758326303    1.761857800    1.762665701
   15.000000000    1.756960459    1.760480436    1.761285694
